Date,Open,High,Low,Close,Volume,Adj Close
2017-03-07,12.50,12.64,12.39,12.62,4291200,12.62
2017-03-06,12.39,12.53,12.39,12.47,3668900,12.47
2017-03-03,12.29,12.60,12.21,12.46,6097500,12.46
2017-03-02,12.40,12.41,12.21,12.27,3353100,12.27
2017-03-01,12.22,12.39,12.16,12.39,5172900,12.39
2017-02-28,12.14,12.35,12.08,12.22,2927600,12.22
2017-02-27,12.21,12.31,12.09,12.14,3766000,12.14
2017-02-24,12.28,12.38,12.20,12.26,3731900,12.26
2017-02-23,12.28,12.37,12.16,12.32,4597800,12.32
2017-02-22,12.10,12.24,12.10,12.23,3630600,12.23
2017-02-21,11.99,12.21,11.97,12.17,3146000,12.17
2017-02-20,11.99,12.11,11.86,12.04,3261600,12.04
2017-02-17,12.06,12.12,11.84,11.95,4121100,11.95
2017-02-16,12.00,12.19,11.98,12.11,3495000,12.11
2017-02-15,12.35,12.42,11.94,12.03,4650000,12.03
2017-02-14,12.38,12.40,12.24,12.29,2273800,12.29
2017-02-13,12.25,12.41,12.13,12.40,3803600,12.40
2017-02-10,12.36,12.45,12.22,12.26,2924800,12.26
2017-02-09,12.26,12.43,12.24,12.36,3230100,12.36
2017-02-08,12.26,12.33,12.12,12.31,2103400,12.31
2017-02-07,12.27,12.32,12.17,12.23,1445800,12.23
2017-02-06,12.29,12.29,12.14,12.27,1426100,12.27
2017-02-03,12.35,12.36,12.10,12.19,1331400,12.19
2017-02-02,12.29,12.29,12.29,12.29,000,12.29
2017-02-01,12.29,12.29,12.29,12.29,000,12.29
2017-01-31,12.29,12.29,12.29,12.29,000,12.29
2017-01-30,12.29,12.29,12.29,12.29,000,12.29
2017-01-27,12.29,12.29,12.29,12.29,000,12.29
2017-01-26,12.17,12.30,12.16,12.29,1906100,12.29
2017-01-25,12.20,12.25,12.12,12.18,1606500,12.18
2017-01-24,12.21,12.26,12.12,12.16,1668200,12.16
2017-01-23,11.98,12.21,11.91,12.19,2438300,12.19
2017-01-20,11.94,12.10,11.80,12.01,2279900,12.01
2017-01-19,12.03,12.03,11.82,11.84,1853800,11.84
2017-01-18,12.12,12.24,11.96,12.03,1856100,12.03
2017-01-17,11.95,12.11,11.82,12.09,2744000,12.09
2017-01-16,12.63,12.78,11.55,11.98,7065000,11.98
2017-01-13,13.20,13.37,12.79,12.83,3122700,12.83
2017-01-12,13.41,13.50,13.12,13.19,3538900,13.19
2017-01-11,13.61,13.95,13.36,13.40,6235200,13.40
2017-01-10,13.50,14.04,13.50,13.70,10268700,13.70
2017-01-09,13.29,13.37,13.17,13.32,2499000,13.32
2017-01-06,13.49,13.49,13.15,13.21,3137700,13.21
2017-01-05,13.42,13.55,13.39,13.42,2860900,13.42
2017-01-04,13.30,13.47,13.30,13.47,2643200,13.47
2017-01-03,13.28,13.45,13.20,13.32,2399300,13.32
2017-01-02,13.17,13.17,13.17,13.17,000,13.17
2016-12-30,13.15,13.29,13.10,13.17,2083000,13.17
2016-12-29,13.43,13.43,13.10,13.14,4352500,13.14
2016-12-28,13.69,13.78,13.43,13.43,3846800,13.43
2016-12-27,13.71,13.80,13.60,13.71,1805600,13.71
2016-12-26,13.71,13.77,13.55,13.70,4128300,13.70
2016-12-23,13.89,13.93,13.55,13.57,2901400,13.57
2016-12-22,14.05,14.05,13.82,13.90,2495600,13.90
2016-12-21,14.00,14.15,13.93,14.05,2702100,14.05
2016-12-20,14.16,14.27,13.92,13.95,4178500,13.95
2016-12-19,14.23,14.35,13.98,14.22,5218300,14.22
2016-12-16,13.89,14.20,13.87,14.10,4717800,14.10
2016-12-15,13.72,14.10,13.70,13.92,3406600,13.92
2016-12-14,13.81,14.06,13.68,13.89,3705300,13.89
2016-12-13,13.40,13.96,13.31,13.88,5326100,13.88
2016-12-12,13.81,13.84,13.36,13.40,7178200,13.40
2016-12-09,13.85,13.94,13.72,13.80,3470000,13.80
2016-12-08,14.06,14.11,13.84,13.88,3717900,13.88
2016-12-07,13.95,14.07,13.83,14.02,3820700,14.02
2016-12-06,13.75,13.96,13.50,13.89,4129600,13.89
2016-12-05,13.55,14.03,13.55,13.70,4121200,13.70
2016-12-02,14.41,14.44,13.80,13.87,7356700,13.87
2016-12-01,14.42,14.48,14.27,14.40,4002100,14.40
2016-11-30,14.30,14.44,14.22,14.30,4762300,14.30
2016-11-29,14.58,14.70,14.36,14.41,7389200,14.41
2016-11-28,14.89,14.90,14.60,14.63,8383500,14.63
2016-11-25,14.91,14.94,14.31,14.90,12000900,14.90
2016-11-24,14.90,15.23,14.70,14.91,13195400,14.91
2016-11-23,14.72,15.15,14.66,14.95,19437100,14.95
2016-11-22,14.56,14.71,14.48,14.63,9321100,14.63
2016-11-21,14.27,14.64,14.18,14.56,10546200,14.56
2016-11-18,14.34,14.48,14.22,14.25,6597300,14.25
2016-11-17,14.54,14.60,14.26,14.39,5461300,14.39
2016-11-16,14.59,14.75,14.48,14.54,6255600,14.54
2016-11-15,14.60,14.88,14.45,14.58,8644100,14.58
2016-11-14,14.33,14.63,14.17,14.63,10712800,14.63
2016-11-11,14.36,14.49,14.22,14.29,6298400,14.29
2016-11-10,14.31,14.36,14.20,14.33,7166100,14.33
2016-11-09,14.40,14.54,13.95,14.11,9944600,14.11
2016-11-08,14.18,14.45,14.10,14.35,11016600,14.35
2016-11-07,13.83,14.15,13.74,14.08,8950100,14.08
2016-11-04,13.94,14.06,13.81,13.85,5939500,13.85
2016-11-03,13.90,14.19,13.88,13.92,6954800,13.92
2016-11-02,14.00,14.20,13.76,13.90,8203400,13.90
2016-11-01,13.58,13.84,13.45,13.80,6423200,13.80
2016-10-31,13.91,13.91,13.18,13.59,16020500,13.59
2016-10-28,14.12,14.27,13.98,13.99,4888800,13.99
2016-10-27,14.45,14.45,14.07,14.11,6008700,14.11
2016-10-26,14.30,14.72,14.28,14.38,11122500,14.38
2016-10-25,14.05,14.28,14.05,14.16,4142000,14.16
2016-10-24,14.03,14.25,13.90,14.11,5003700,14.11
2016-10-21,14.31,14.39,13.83,14.01,6448600,14.01
2016-10-20,14.56,14.60,14.30,14.32,6010700,14.32
2016-10-19,14.62,14.79,14.42,14.53,6391200,14.53
2016-10-18,14.55,14.69,14.30,14.67,8727100,14.67
2016-10-17,14.65,15.04,14.40,14.53,12259200,14.53
2016-10-14,14.50,14.88,14.40,14.57,10790600,14.57
2016-10-13,14.50,14.92,14.47,14.58,16802800,14.58
2016-10-12,14.22,14.39,14.11,14.35,7306600,14.35
2016-10-11,14.11,14.40,14.05,14.24,8746600,14.24
2016-10-10,13.95,14.20,13.80,14.20,10237300,14.20
2016-10-07,13.83,13.83,13.83,13.83,000,13.83
2016-10-06,13.83,13.83,13.83,13.83,000,13.83
2016-10-05,13.83,13.83,13.83,13.83,000,13.83
2016-10-04,13.83,13.83,13.83,13.83,000,13.83
2016-10-03,13.83,13.83,13.83,13.83,000,13.83
2016-09-30,13.65,13.89,13.61,13.83,5307600,13.83
2016-09-29,13.82,13.98,13.63,13.70,9077500,13.70
2016-09-28,14.41,14.49,13.75,13.81,13827900,13.81
2016-09-27,14.88,15.12,14.21,14.54,19453800,14.54
2016-09-26,14.42,15.48,14.16,14.80,24170900,14.80
2016-09-23,13.90,14.32,13.89,14.24,11795700,14.24
2016-09-22,14.03,14.19,13.87,13.88,7364400,13.88
2016-09-21,14.04,14.37,13.91,13.91,11086800,13.91
2016-09-20,13.73,13.95,13.65,13.87,7197100,13.87
2016-09-19,13.64,13.92,13.54,13.73,7647800,13.73
2016-09-16,13.45,13.45,13.45,13.45,000,13.45
2016-09-15,13.45,13.45,13.45,13.45,000,13.45
2016-09-14,13.70,13.73,13.43,13.45,6924300,13.45
2016-09-13,13.80,13.87,13.40,13.80,8724200,13.80
2016-09-12,14.09,14.09,13.58,13.58,13918800,13.58
2016-09-09,14.04,14.58,14.04,14.33,15275300,14.33
2016-09-08,14.55,14.68,14.01,14.16,19089000,14.16
2016-09-07,14.70,14.78,14.21,14.63,20781500,14.63
2016-09-06,14.46,15.10,14.41,14.88,30764900,14.88
2016-09-05,14.19,15.14,14.00,14.56,35167300,14.56
2016-09-02,14.00,14.44,13.82,14.23,22164600,14.23
2016-09-01,14.00,14.28,13.90,14.16,20636300,14.16
2016-08-31,13.99,14.26,13.77,14.13,27036400,14.13
2016-08-30,14.68,14.69,14.01,14.19,42224200,14.19
2016-08-29,14.89,15.15,14.50,14.99,56023400,14.99
2016-08-26,13.98,15.04,13.80,14.80,65106400,14.80
2016-08-25,12.36,13.67,12.06,13.67,42679400,13.67
2016-08-24,12.20,13.00,12.15,12.43,13460800,12.43
2016-08-23,12.40,12.47,12.05,12.30,9497300,12.30
2016-08-22,12.05,12.57,11.95,12.26,14553100,12.26
2016-08-19,12.08,12.16,11.90,12.01,6020100,12.01
2016-08-18,12.23,12.36,12.02,12.09,8714600,12.09
2016-08-17,12.10,12.30,12.05,12.22,7616800,12.22
2016-08-16,12.07,12.17,12.02,12.15,6709900,12.15
2016-08-15,11.81,12.25,11.59,12.14,10761100,12.14
2016-08-12,11.53,11.80,11.53,11.79,4563300,11.79
2016-08-11,11.71,11.79,11.52,11.54,3818400,11.54
2016-08-10,11.86,11.96,11.68,11.74,4113800,11.74
2016-08-09,11.83,11.87,11.74,11.86,4525600,11.86
2016-08-08,11.61,11.83,11.49,11.81,4399800,11.81
2016-08-05,11.64,11.86,11.56,11.58,4505400,11.58
2016-08-04,11.60,11.65,11.42,11.64,4345800,11.64
2016-08-03,11.54,11.66,11.44,11.62,3771000,11.62
2016-08-02,11.40,11.62,11.40,11.54,4040300,11.54
2016-08-01,11.73,11.75,11.22,11.42,5479300,11.42
2016-07-29,11.87,11.89,11.65,11.73,4514900,11.73
2016-07-28,11.87,12.08,11.48,11.77,7474000,11.77
2016-07-27,12.59,12.74,11.61,11.90,11554100,11.90
2016-07-26,12.35,12.62,12.31,12.62,6443800,12.62
2016-07-25,12.23,12.39,12.14,12.35,5984900,12.35
2016-07-22,12.58,12.62,12.31,12.33,10112700,12.33
2016-07-21,12.75,12.85,12.59,12.64,9584700,12.64
2016-07-20,12.60,12.92,12.52,12.62,11259800,12.62
2016-07-19,12.53,12.77,12.32,12.67,11819100,12.67
2016-07-18,12.81,12.85,12.34,12.62,16617100,12.62
2016-07-15,12.80,13.18,12.65,12.90,20153500,12.90
2016-07-14,13.10,13.13,12.52,12.68,27028600,12.68
2016-07-13,12.50,13.01,12.50,13.01,10379400,13.01
2016-07-12,11.62,11.93,11.61,11.83,8728600,11.83
2016-07-11,11.96,12.05,11.62,11.66,9603700,11.66
2016-07-08,11.66,11.87,11.65,11.82,7693900,11.82
2016-07-07,11.58,11.91,11.51,11.72,10872100,11.72
2016-07-06,11.44,11.63,11.39,11.56,6162400,11.56
2016-07-05,11.47,11.74,11.42,11.55,8669200,11.55
2016-07-04,11.10,11.51,11.10,11.50,8622300,11.50
2016-07-01,11.31,11.46,11.13,11.20,5189700,11.20
2016-06-30,11.43,11.50,11.30,11.31,4956300,11.31
2016-06-29,11.36,11.67,11.32,11.43,10862300,11.43
2016-06-28,11.08,11.43,11.06,11.34,7600000,11.34
2016-06-27,10.66,11.14,10.66,11.08,5681500,11.08
2016-06-24,11.22,11.28,10.53,10.87,9099700,10.87
2016-06-23,11.40,11.41,11.15,11.24,5296700,11.24
2016-06-22,11.26,11.38,11.15,11.34,5191400,11.34
2016-06-21,11.29,11.52,11.08,11.27,8012900,11.27
2016-06-20,11.60,11.61,11.15,11.27,5712000,11.27
2016-06-17,11.35,11.53,11.26,11.41,7377400,11.41
2016-06-16,11.20,11.58,11.20,11.28,7765400,11.28
2016-06-15,10.91,11.46,10.91,11.23,9421100,11.23
2016-06-14,11.02,11.19,10.88,11.15,5516400,11.15
2016-06-13,11.40,11.50,11.00,11.03,8602100,11.03
2016-06-10,11.55,11.55,11.55,11.55,000,11.55
2016-06-09,11.55,11.55,11.55,11.55,000,11.55
2016-06-08,11.51,11.69,11.38,11.55,8104900,11.55
2016-06-07,11.64,11.93,11.55,11.68,16602000,11.68
2016-06-06,10.89,11.55,10.77,11.39,19843200,11.39
2016-06-03,10.62,10.79,10.48,10.75,8631500,10.75
2016-06-02,10.82,10.82,10.43,10.62,9165800,10.62
2016-06-01,10.41,10.94,10.41,10.67,7711700,10.67
2016-05-31,10.09,10.55,10.09,10.45,7326200,10.45
2016-05-30,10.24,10.26,10.00,10.06,4409100,10.06
2016-05-27,10.35,10.46,10.20,10.24,4172800,10.24
2016-05-26,10.50,10.55,10.16,10.36,6154000,10.36
2016-05-25,10.51,10.75,10.42,10.60,11880300,10.60
2016-05-24,10.30,10.85,10.30,10.64,19012500,10.64
2016-05-23,10.06,10.06,10.06,10.06,000,10.06
2016-05-20,10.06,10.06,10.06,10.06,000,10.06
2016-05-19,10.06,10.06,10.06,10.06,000,10.06
2016-05-18,10.06,10.06,10.06,10.06,000,10.06
2016-05-17,10.06,10.06,10.06,10.06,000,10.06
2016-05-16,10.06,10.06,10.06,10.06,000,10.06
2016-05-13,10.06,10.06,10.06,10.06,000,10.06
2016-05-12,10.06,10.06,10.06,10.06,000,10.06
2016-05-11,10.06,10.06,10.06,10.06,000,10.06
2016-05-10,10.06,10.06,10.06,10.06,000,10.06
2016-05-09,11.08,11.08,9.97,10.06,14756300,10.06
2016-05-06,11.77,11.86,11.08,11.08,11199200,11.08
2016-05-05,11.85,11.85,11.58,11.78,6484300,11.78
2016-05-04,11.60,12.04,11.51,11.81,9771600,11.81
2016-05-03,11.29,11.65,11.17,11.57,8707300,11.57
2016-05-02,11.28,11.28,11.28,11.28,000,11.28
2016-04-29,11.40,11.62,11.26,11.28,5389700,11.28
2016-04-28,11.48,11.63,11.20,11.38,7085500,11.38
2016-04-27,11.20,11.60,11.19,11.50,9111000,11.50
2016-04-26,11.05,11.33,11.02,11.24,4521700,11.24
2016-04-25,11.24,11.25,10.94,11.05,5861300,11.05
2016-04-22,11.13,11.28,11.02,11.24,4843500,11.24
2016-04-21,11.40,11.52,11.08,11.13,7030000,11.13
2016-04-20,11.81,12.06,11.00,11.46,16478500,11.46
2016-04-19,11.93,11.99,11.72,11.88,5863700,11.88
2016-04-18,12.00,12.00,11.65,11.91,9697900,11.91
2016-04-15,12.25,12.26,11.95,12.06,7188100,12.06
2016-04-14,12.22,12.31,11.98,12.25,9508100,12.25
2016-04-13,12.18,12.30,12.06,12.12,12422300,12.12
2016-04-12,12.10,12.24,11.70,12.00,7388400,12.00
2016-04-11,11.98,12.23,11.90,12.00,12204200,12.00
2016-04-08,11.53,11.84,11.39,11.79,9748100,11.79
2016-04-07,12.30,12.48,11.70,11.76,12860100,11.76
2016-04-06,11.61,12.49,11.61,12.00,16227600,12.00
2016-04-05,11.61,12.00,11.40,11.77,15519900,11.77
2016-04-04,11.49,11.49,11.49,11.49,000,11.49
2016-04-01,11.73,12.03,11.30,11.49,22595500,11.49
2016-03-31,10.80,11.81,10.75,11.81,30544100,11.81
2016-03-30,10.55,10.90,10.45,10.74,10299900,10.74
2016-03-29,10.61,10.66,10.15,10.41,7341000,10.41
2016-03-28,10.86,11.11,10.50,10.60,12464600,10.60
2016-03-25,10.19,10.95,10.19,10.84,14082300,10.84
2016-03-24,10.49,10.50,10.11,10.28,10601500,10.28
2016-03-23,10.55,10.74,10.38,10.60,9067100,10.60
2016-03-22,10.70,10.74,10.55,10.62,9422300,10.62
2016-03-21,10.55,10.75,10.41,10.75,16507800,10.75
2016-03-18,10.20,10.62,10.15,10.46,12501500,10.46
2016-03-17,9.80,10.22,9.73,10.10,10568400,10.10
2016-03-16,9.96,10.02,9.72,9.73,5982300,9.73
2016-03-15,9.96,10.05,9.80,9.88,6981900,9.88
2016-03-14,10.00,10.22,9.85,9.96,11922700,9.96
2016-03-11,9.85,9.87,9.40,9.77,7269400,9.77
2016-03-10,10.18,10.18,9.85,9.85,5991600,9.85
2016-03-09,10.18,10.28,9.92,10.01,6406200,10.01
2016-03-08,10.26,10.48,9.70,10.40,12761500,10.40
2016-03-07,9.90,10.43,9.90,10.34,12346200,10.34
2016-03-04,10.24,10.35,9.56,9.90,13493900,9.90
2016-03-03,10.04,10.52,9.98,10.29,14626600,10.29
2016-03-02,9.45,10.13,9.45,10.10,12376100,10.10
2016-03-01,9.19,9.66,9.12,9.59,14526300,9.59
2016-02-29,10.34,10.34,9.09,9.19,16042200,9.19
2016-02-26,10.00,10.88,9.83,10.10,16698600,10.10
2016-02-25,10.90,10.98,9.86,9.97,21737400,9.97
2016-02-24,10.78,10.99,10.58,10.96,11649200,10.96
2016-02-23,10.99,11.00,10.58,10.81,12740800,10.81
2016-02-22,10.90,11.01,10.65,10.80,13942000,10.80
2016-02-19,10.70,10.84,10.39,10.65,11834100,10.65
2016-02-18,10.60,11.20,10.53,10.73,20479000,10.73
2016-02-17,10.44,10.63,10.26,10.50,15469600,10.50
2016-02-16,9.90,10.56,9.84,10.47,16696200,10.47
2016-02-15,9.30,9.93,9.05,9.84,14601500,9.84
2016-02-12,9.42,9.42,9.42,9.42,000,9.42
2016-02-11,9.42,9.42,9.42,9.42,000,9.42
2016-02-10,9.42,9.42,9.42,9.42,000,9.42
2016-02-09,9.42,9.42,9.42,9.42,000,9.42
2016-02-08,9.42,9.42,9.42,9.42,000,9.42
2016-02-05,9.43,9.57,9.23,9.42,7889600,9.42
2016-02-04,9.40,9.55,9.29,9.47,10838500,9.47
2016-02-03,9.09,9.37,8.95,9.31,8446700,9.31
2016-02-02,8.90,9.41,8.80,9.16,12640400,9.16
2016-02-01,8.82,8.97,8.50,8.90,16939100,8.90
2016-01-29,7.94,8.78,7.88,8.78,15570300,8.78
2016-01-28,8.79,8.85,7.98,7.98,16212400,7.98
2016-01-27,9.51,9.56,8.47,8.87,20398900,8.87
2016-01-26,10.15,10.27,9.41,9.41,16377400,9.41
2016-01-25,10.34,10.45,9.91,10.45,17257300,10.45
2016-01-22,9.93,10.40,9.70,10.40,16534000,10.40
2016-01-21,10.21,10.69,9.73,9.78,15903100,9.78
2016-01-20,10.30,10.67,10.18,10.39,15697800,10.39
2016-01-19,9.65,10.33,9.65,10.30,14519900,10.30
2016-01-18,9.30,9.89,9.16,9.69,13527200,9.69
2016-01-15,10.20,10.39,9.36,9.47,14647900,9.47
2016-01-14,9.48,10.41,9.25,10.30,19587800,10.30
2016-01-13,11.10,11.22,9.86,9.86,19778400,9.86
2016-01-12,10.85,11.58,10.58,10.95,17594600,10.95
2016-01-11,11.90,11.90,11.11,11.11,16923000,11.11
2016-01-08,13.08,13.10,11.84,12.34,18852100,12.34
2016-01-07,13.80,13.88,12.75,12.75,5324700,12.75
2016-01-06,14.07,14.40,13.65,14.17,15451600,14.17
2016-01-05,13.80,14.58,13.38,13.90,24454600,13.90
2016-01-04,16.50,16.63,14.85,14.85,16596000,14.85
2016-01-01,16.50,16.50,16.50,16.50,000,16.50
2015-12-31,16.30,17.15,16.25,16.50,19703300,16.50
2015-12-30,16.38,16.55,16.12,16.39,13688000,16.39
2015-12-29,16.05,16.30,15.70,16.16,13382000,16.16
2015-12-28,16.00,16.68,15.90,16.21,29928300,16.21
2015-12-25,14.81,14.81,14.81,14.81,000,14.81
2015-12-24,15.40,15.59,14.61,14.81,19825500,14.81
2015-12-23,15.85,15.99,15.50,15.52,12399800,15.52
2015-12-22,15.89,15.97,15.51,15.80,12977100,15.80
2015-12-21,15.71,16.20,15.70,15.79,13206400,15.79
2015-12-18,16.50,16.55,15.68,15.70,19223500,15.70
2015-12-17,16.21,16.50,16.11,16.31,15498800,16.31
2015-12-16,16.25,16.75,16.00,16.20,18098300,16.20
2015-12-15,15.82,16.20,15.82,16.17,10365900,16.17
2015-12-14,15.55,15.88,15.31,15.80,17423500,15.80
2015-12-11,16.23,16.78,16.00,16.03,18249700,16.03
2015-12-10,15.76,16.57,15.60,16.33,23332200,16.33
2015-12-09,15.71,16.12,15.58,15.81,15358400,15.81
2015-12-08,15.81,16.39,15.56,15.70,21880000,15.70
2015-12-07,15.29,16.18,15.16,15.97,25240000,15.97
2015-12-04,14.73,15.20,14.60,15.03,21951700,15.03
2015-12-03,14.31,14.67,14.11,14.59,12437500,14.59
2015-12-02,14.91,15.18,13.75,14.14,20002800,14.14
2015-12-01,14.95,15.40,14.80,15.04,20443100,15.04
2015-11-30,14.35,15.64,14.19,15.09,36430000,15.09
2015-11-27,14.76,15.35,13.96,14.22,28970300,14.22
2015-11-26,15.50,15.50,14.75,14.78,23899900,14.78
2015-11-25,13.90,15.00,13.81,15.00,28260600,15.00
2015-11-24,13.78,13.92,13.45,13.80,14146800,13.80
2015-11-23,14.15,14.15,13.60,13.79,20733300,13.79
2015-11-20,14.23,14.31,13.86,14.14,19041000,14.14
2015-11-19,13.80,14.18,13.51,14.05,18778600,14.05
2015-11-18,13.98,14.10,13.40,13.46,19317700,13.46
2015-11-17,14.37,14.58,13.72,13.74,35764900,13.74
2015-11-16,12.88,14.17,12.71,14.04,28792500,14.04
2015-11-13,12.50,13.45,12.35,13.14,29486500,13.14
2015-11-12,12.81,13.20,12.50,12.68,21858600,12.68
2015-11-11,12.44,13.06,12.35,12.90,24349500,12.90
2015-11-10,12.26,12.76,12.16,12.45,27369200,12.45
2015-11-09,11.59,12.58,11.51,12.37,33803400,12.37
2015-11-06,11.49,11.78,11.49,11.68,21504800,11.68
2015-11-05,11.36,11.56,11.26,11.45,26840000,11.45
2015-11-04,11.08,11.48,11.00,11.46,21343200,11.46
2015-11-03,10.98,11.15,10.79,10.88,16736800,10.88
2015-11-02,11.28,11.52,10.90,10.95,27639600,10.95
2015-10-30,12.03,12.36,11.75,11.79,36443900,11.79
2015-10-29,12.30,12.70,11.49,12.50,68484900,12.50
2015-10-28,11.67,11.67,11.67,11.67,2896700,11.67
2015-10-27,10.61,10.61,10.61,10.61,000,10.61
2015-10-26,10.61,10.61,10.61,10.61,000,10.61
2015-10-23,10.61,10.61,10.61,10.61,000,10.61
2015-10-22,10.61,10.61,10.61,10.61,000,10.61
2015-10-21,10.61,10.61,10.61,10.61,000,10.61
2015-10-20,10.34,10.79,10.23,10.61,21884000,10.61
2015-10-19,10.42,10.85,10.21,10.36,29855400,10.36
2015-10-16,10.22,10.61,9.92,10.51,34112600,10.51
2015-10-15,9.89,10.26,9.82,10.18,21296900,10.18
2015-10-14,10.00,10.34,9.86,9.88,27339500,9.88
2015-10-13,9.72,10.17,9.67,10.14,29054000,10.14
2015-10-12,9.25,9.99,9.11,9.90,36723000,9.90
2015-10-09,9.43,9.57,9.29,9.44,18548600,9.44
2015-10-08,9.30,9.56,9.21,9.45,19560900,9.45
2015-10-07,8.86,8.86,8.86,8.86,000,8.86
2015-10-06,8.86,8.86,8.86,8.86,000,8.86
2015-10-05,8.86,8.86,8.86,8.86,000,8.86
2015-10-02,8.86,8.86,8.86,8.86,000,8.86
2015-10-01,8.86,8.86,8.86,8.86,000,8.86
2015-09-30,8.84,9.15,8.81,8.86,11451900,8.86
2015-09-29,8.75,9.09,8.70,8.76,12763600,8.76
2015-09-28,8.71,9.04,8.56,9.00,15381600,9.00
2015-09-25,9.60,9.80,8.79,8.80,30870400,8.80
2015-09-24,9.66,9.99,9.53,9.77,22867600,9.77
2015-09-23,9.77,10.18,9.56,9.72,48833500,9.72
2015-09-22,9.08,9.71,9.02,9.71,16979600,9.71
2015-09-21,8.10,8.88,8.00,8.83,23976800,8.83
2015-09-18,8.12,8.43,7.80,8.39,18832100,8.39
2015-09-17,8.31,8.69,8.02,8.05,25875400,8.05
2015-09-16,7.80,8.60,7.55,8.53,27044900,8.53
2015-09-15,8.20,8.35,7.82,7.82,21303900,7.82
2015-09-14,9.70,9.75,8.69,8.69,21361300,8.69
2015-09-11,9.50,9.78,9.41,9.65,17938300,9.65
2015-09-10,9.45,10.17,9.37,9.59,26995300,9.59
2015-09-09,9.22,9.85,9.15,9.68,33217700,9.68
2015-09-08,8.50,9.39,8.33,9.36,29501600,9.36
2015-09-07,9.66,10.20,9.15,9.15,47429400,9.15
2015-09-04,10.17,10.17,10.17,10.17,000,10.17
2015-09-03,10.17,10.17,10.17,10.17,000,10.17
2015-09-02,10.17,10.95,10.17,10.17,41876700,10.17
2015-09-01,11.30,11.30,11.30,11.30,1171000,11.30
2015-08-31,12.56,12.56,12.56,12.56,1469900,12.56
2015-08-28,13.96,13.96,13.96,13.96,000,13.96
2015-08-27,13.96,13.96,13.96,13.96,000,13.96
2015-08-26,13.96,13.96,13.96,13.96,000,13.96
2015-08-25,13.96,13.96,13.96,13.96,000,13.96
2015-08-24,13.96,13.96,13.96,13.96,000,13.96
2015-08-21,13.96,13.96,13.96,13.96,000,13.96
2015-08-20,13.96,13.96,13.96,13.96,000,13.96
2015-08-19,13.96,13.96,13.96,13.96,000,13.96
2015-08-18,13.96,13.96,13.96,13.96,000,13.96
2015-08-17,13.30,14.05,13.20,13.96,39745200,13.96
2015-08-14,12.97,13.43,12.95,13.28,37716200,13.28
2015-08-13,12.37,12.96,12.23,12.94,28942300,12.94
2015-08-12,12.41,12.68,12.26,12.38,20636100,12.38
2015-08-11,12.60,12.93,12.38,12.64,35615400,12.64
2015-08-10,12.08,12.90,11.94,12.75,30545700,12.75
2015-08-07,11.96,12.12,11.68,11.93,26218400,11.93
2015-08-06,11.13,11.79,11.01,11.69,19468500,11.69
2015-08-05,11.57,11.86,11.28,11.44,23745200,11.44
2015-08-04,10.70,11.66,10.60,11.64,23208400,11.64
2015-08-03,10.87,11.03,10.01,10.74,20477600,10.74
2015-07-31,10.84,11.42,10.69,11.01,18653600,11.01
2015-07-30,11.57,11.99,11.00,11.09,23158700,11.09
2015-07-29,11.25,11.83,10.55,11.83,23201700,11.83
2015-07-28,10.77,11.78,10.68,11.04,31205000,11.04
2015-07-27,12.70,13.12,11.87,11.87,37692000,11.87
2015-07-24,13.70,13.95,12.88,13.19,38979400,13.19
2015-07-23,13.12,13.79,13.05,13.68,38156800,13.68
2015-07-22,13.21,13.35,12.55,13.15,34646600,13.15
2015-07-21,12.45,13.29,12.20,13.21,34474700,13.21
2015-07-20,12.27,13.15,12.26,12.70,36268400,12.70
2015-07-17,11.27,12.36,11.25,12.35,33414300,12.35
2015-07-16,10.04,11.79,10.03,11.24,36992300,11.24
2015-07-15,13.62,13.62,11.14,11.14,54836700,11.14
2015-07-14,12.38,12.38,12.38,12.38,1060800,12.38
2015-07-13,11.25,11.25,11.25,11.25,000,11.25
2015-07-10,11.25,11.25,11.25,11.25,000,11.25
2015-07-09,11.25,11.25,11.25,11.25,000,11.25
2015-07-08,11.25,11.25,11.25,11.25,000,11.25
2015-07-07,11.25,11.25,11.25,11.25,000,11.25
2015-07-06,11.25,11.25,11.25,11.25,000,11.25
2015-07-03,11.90,12.47,11.25,11.25,24612900,11.25
2015-07-02,13.73,13.92,12.50,12.50,22801500,12.50
2015-07-01,15.06,15.78,13.89,13.89,23013000,13.89
2015-06-30,14.09,15.59,13.24,15.43,28625000,15.43
2015-06-29,16.85,16.90,14.71,14.71,22542100,14.71
2015-06-26,18.03,18.03,16.34,16.34,20797200,16.34
2015-06-25,19.76,19.86,17.71,18.15,24304200,18.15
2015-06-24,19.50,20.14,18.82,19.68,24542200,19.68
2015-06-23,19.56,20.00,18.23,19.12,27784300,19.12
2015-06-22,20.25,20.25,20.25,20.25,000,20.25
2015-06-19,21.50,22.46,20.25,20.25,29914800,20.25
2015-06-18,21.60,23.60,21.40,22.50,47134400,22.50
2015-06-17,22.90,24.35,21.76,22.05,72420100,22.05
2015-06-16,20.02,22.50,19.61,22.50,42543200,22.50
2015-06-15,20.04,20.85,19.76,20.45,29844000,20.45
2015-06-12,20.03,20.97,20.03,20.03,32955900,20.03
2015-06-11,19.00,20.16,18.75,20.03,30530900,20.03
2015-06-10,18.63,19.40,18.61,19.04,19211700,19.04
2015-06-09,19.68,19.70,18.71,19.11,29754100,19.11
2015-06-08,20.00,20.49,19.60,19.96,33051800,19.96
2015-06-05,19.35,20.18,19.20,19.91,37974900,19.91
2015-06-04,19.89,19.89,17.90,19.17,33559300,19.17
2015-06-03,18.90,19.94,18.64,19.76,39796900,19.76
2015-06-02,18.50,18.67,17.93,18.57,28581600,18.57
2015-06-01,17.15,18.31,17.10,18.31,27523200,18.31
2015-05-29,17.02,17.58,15.61,16.87,31343800,16.87
2015-05-28,19.70,20.25,17.30,17.30,43802400,17.30
2015-05-27,18.3839,19.4554,17.9196,19.25,37765700,17.16071
2015-05-26,20.01003,21.28997,20.01003,20.79,37369900,18.53357
2015-05-25,19.39997,20.09997,19.13005,19.71995,34456100,17.57966
2015-05-22,19.18,19.99995,18.51998,19.62005,43501400,17.4906
2015-05-21,17.87005,19.07002,17.85997,19.03003,38041700,16.96462
2015-05-20,17.49003,18.48,17.49003,17.87005,29884900,15.93054
2015-05-19,16.96005,17.47995,16.80997,17.47995,15900500,15.58278
2015-05-18,17.04998,17.25002,16.86003,16.90998,17573300,15.07467
2015-05-15,17.81002,18.15005,17.26995,17.39002,20916700,15.5026
2015-05-14,17.21003,17.88002,17.00003,17.77003,22723000,15.84137
2015-05-13,17.00003,17.92,16.96005,17.38005,21602300,15.49372
2015-05-12,16.93003,17.25002,16.69998,17.11002,18258700,15.25299
2015-05-11,16.30003,16.94,16.20998,16.91995,15693800,15.08356
2015-05-08,15.71002,16.13002,15.65995,16.13002,13034000,14.37936
2015-05-07,16.23003,16.30003,15.47,15.54,14954300,13.85338
2015-05-06,16.76002,17.01997,15.95003,16.06998,14473200,14.32584
2015-05-05,17.38005,17.52005,16.69998,16.77995,15869400,14.95875
2015-05-04,17.64997,17.88998,17.29997,17.32998,15212600,15.44909
2015-05-01,17.70003,17.70003,17.70003,17.70003,000,15.77897
2015-04-30,18.24995,18.37998,17.70003,17.70003,20600200,15.77897
2015-04-29,17.60998,18.44998,17.46002,18.19003,24484300,16.21579
2015-04-28,17.74998,17.89995,17.24005,17.75995,23793200,15.83239
2015-04-27,17.99997,18.24995,17.60002,17.68995,25963400,15.76999
2015-04-24,17.77003,18.02998,17.50,17.88998,27359600,15.94831
2015-04-23,18.08005,18.52995,17.85997,18.38995,23745900,16.39401
2015-04-22,17.81002,18.30002,17.78997,18.06,22642200,16.09987
2015-04-21,17.15997,17.88002,17.14003,17.78997,19572200,15.85915
2015-04-20,18.09998,18.27997,16.90002,17.15,32611400,15.28864
2015-04-17,19.49998,19.49998,17.92,18.09998,40105900,16.13551
2015-04-16,18.97997,19.90005,17.88998,19.04,37157600,16.97351
2015-04-15,20.39005,21.31998,19.31003,19.60,56561400,17.47273
2015-04-14,17.66005,19.38003,17.31005,19.38003,18301000,17.27663
2015-04-13,17.29,17.95998,17.00003,17.61995,26942000,15.70758
2015-04-10,16.24997,17.99,16.00995,17.15,34833400,15.28864
2015-04-09,15.19,16.38,14.63997,16.34998,29148300,14.57545
2015-04-08,15.61,15.70005,14.79005,15.26997,22785200,13.61265
2015-04-07,15.51995,16.16003,15.51995,15.58995,21472700,13.89791
2015-04-06,15.51995,15.51995,15.51995,15.51995,000,13.8355
2015-04-03,14.94002,15.64998,14.94002,15.51995,26163100,13.8355
2015-04-02,14.90003,15.23995,14.77,15.08998,21415100,13.4522
2015-04-01,14.28,15.08002,14.20003,14.93005,30050800,13.30963
2015-03-31,14.55003,14.58005,14.16005,14.28,19041400,12.73013
2015-03-30,13.92003,14.62003,13.92003,14.48003,22693700,12.90845
2015-03-27,13.79,14.03998,13.68002,13.89998,16040500,12.39136
2015-03-26,14.37005,14.49997,13.75002,13.81005,20446000,12.31118
2015-03-25,14.20003,14.76003,14.07997,14.32995,20165400,12.77466
2015-03-24,14.62003,14.67995,13.79997,14.20003,23331900,12.65884
2015-03-23,14.59002,14.84997,14.39995,14.60995,21503600,13.02427
2015-03-20,14.49997,14.65005,14.21,14.59998,16612900,13.01538
2015-03-19,13.85003,14.88995,13.79997,14.49997,27203300,12.92622
2015-03-18,13.75002,14.11995,13.68998,13.90995,18975700,12.40024
2015-03-17,13.86997,14.27003,13.71003,13.79997,23950500,12.3022
2015-03-16,13.79,14.38998,13.68998,13.93,25295300,12.41812
2015-03-13,13.51,13.86,13.36003,13.60005,16430800,12.12398
2015-03-12,12.83005,13.79997,12.60,13.55995,30176100,12.08823
2015-03-11,12.85995,13.09997,12.70002,12.80003,15731800,11.41079
2015-03-10,12.71995,12.84998,12.52003,12.77002,16446700,11.38403
2015-03-09,12.24003,12.74,12.11,12.69005,15694600,11.31274
2015-03-06,12.88997,13.09,12.28002,12.35002,19709200,11.00962
2015-03-05,12.49002,12.95,12.41005,12.77998,23559900,11.39292
2015-03-04,12.46,12.76005,12.25,12.55005,20637300,11.18794
2015-03-03,12.52003,12.94003,12.35002,12.46,27200000,11.10766
2015-03-02,12.10003,12.77002,11.97997,12.56998,32039200,11.20571
2015-02-27,11.76,12.18,11.68003,11.93002,22829400,10.6352
2015-02-26,11.87995,12.07002,11.59995,11.79998,18041600,10.51928
2015-02-25,11.79002,12.39,11.72002,11.86998,29789300,10.58168
2015-02-24,11.76,11.76,11.76,11.76,000,10.48364
2015-02-23,11.76,11.76,11.76,11.76,000,10.48364
2015-02-20,11.76,11.76,11.76,11.76,000,10.48364
2015-02-19,11.76,11.76,11.76,11.76,000,10.48364
2015-02-18,11.76,11.76,11.76,11.76,000,10.48364
2015-02-17,10.98,12.11997,10.95,11.76,36981400,10.48364
2015-02-16,10.86,11.15,10.86,11.02,17594800,9.82396
2015-02-13,10.74,11.18,10.74,10.91,22899700,9.72589
2015-02-12,10.80,10.93,10.67,10.68,11851000,9.52085
2015-02-11,10.63,10.99,10.59,10.78,15564700,9.61
2015-02-10,10.71,10.74,10.46,10.62,10650500,9.46736
2015-02-09,10.71,10.80,10.55,10.78,14754300,9.61
2015-02-06,10.38,10.70,10.35,10.66,15909000,9.50303
2015-02-05,10.57,10.63,10.36,10.38,9955200,9.25342
2015-02-04,10.49,10.73,10.45,10.47,13012100,9.33364
2015-02-03,10.13,10.57,10.13,10.50,9316500,9.36039
2015-02-02,10.28,10.28,10.07,10.13,5176700,9.03054
2015-01-30,10.49,10.58,10.28,10.28,7285600,9.16427
2015-01-29,10.34,10.63,10.32,10.55,9358900,9.40496
2015-01-28,10.50,10.67,10.41,10.44,7967000,9.3069
2015-01-27,10.53,10.70,10.34,10.54,11695900,9.39604
2015-01-26,10.23,10.59,10.17,10.53,14466500,9.38714
2015-01-23,10.35,10.39,10.20,10.22,7246800,9.11078
2015-01-22,10.31,10.40,10.13,10.37,9404400,9.2445
2015-01-21,10.11,10.35,10.06,10.31,10373300,9.19101
2015-01-20,9.80,10.13,9.80,10.11,7457500,9.01272
2015-01-19,9.82,10.19,9.59,9.88,8700700,8.80768
2015-01-16,9.97,10.05,9.96,10.03,4710600,8.9414
2015-01-15,9.93,10.03,9.93,9.95,3903800,8.87009
2015-01-14,10.01,10.06,9.83,9.93,5215800,8.85225
2015-01-13,9.80,10.07,9.80,9.94,4125200,8.86117
2015-01-12,10.00,10.02,9.60,9.88,5856800,8.80768
2015-01-09,10.01,10.40,9.96,10.10,7504700,9.00381
2015-01-08,10.11,10.20,10.02,10.03,5566200,8.9414
2015-01-07,10.12,10.17,10.01,10.13,7316100,9.03054
2015-01-06,9.80,10.26,9.69,10.24,13817500,9.12861
2015-01-05,9.72,9.86,9.58,9.84,7271800,8.77202
2015-01-02,9.66,9.66,9.66,9.66,000,8.61156
2015-01-01,9.66,9.66,9.66,9.66,000,8.61156
2014-12-31,9.69,9.78,9.51,9.66,6247300,8.61156
2014-12-30,9.83,10.06,9.67,9.69,7596400,8.63831
2014-12-29,10.13,10.13,9.78,9.86,8296200,8.78985
2014-12-26,10.14,10.18,10.07,10.13,5752500,9.03054
2014-12-25,10.04,10.29,10.04,10.14,6563400,9.03946
2014-12-24,10.00,10.28,9.90,10.15,5355700,9.04838
2014-12-23,9.86,10.14,9.82,9.93,5633400,8.85225
2014-12-22,10.40,10.45,9.83,9.92,13204100,8.84334
2014-12-19,10.80,10.88,10.35,10.47,12289900,9.33364
2014-12-18,11.05,11.06,10.78,10.83,12533400,9.65457
2014-12-17,11.08,11.34997,10.90,11.09,18013000,9.88636
2014-12-16,11.10,11.12,10.85,11.00,11409800,9.80612
2014-12-15,10.71,11.16,10.67,11.09,16724200,9.88636
2014-12-12,10.69,10.95,10.69,10.78,10751600,9.61
2014-12-11,10.42,10.74,10.31,10.72,11833200,9.55651
2014-12-10,10.22,10.50,10.09,10.41,10388700,9.28015
2014-12-09,10.77,10.87,10.20,10.22,18969100,9.11078
2014-12-08,10.70,10.88,10.42,10.88,20581400,9.69915
2014-12-05,11.20,11.22005,10.49,10.75,21636300,9.58325
2014-12-04,11.06,11.44002,11.00,11.24995,22873500,10.02895
2014-12-03,11.00,11.48,10.78,11.13,29796400,9.92201
2014-12-02,10.41,10.63,10.37,10.58,9030200,9.43171
2014-12-01,10.75,10.79,10.34,10.41,12776100,9.28015
2014-11-28,10.61,10.98,10.50,10.74,20439100,9.57435
2014-11-27,10.60,10.76,10.48,10.52,14650100,9.37822
2014-11-26,10.40,10.63,10.38,10.58,14105300,9.43171
2014-11-25,10.37,10.37,10.22,10.35,8701700,9.22667
2014-11-24,10.31,10.39,10.28,10.35,7742100,9.22667
2014-11-21,10.24,10.35,10.17,10.25,5516800,9.13753
2014-11-20,10.39,10.42,10.22,10.22,5856700,9.11078
2014-11-19,10.19,10.43,10.15,10.37,8371300,9.2445
2014-11-18,10.00,10.19,9.97,10.18,6254800,9.07512
2014-11-17,10.02,10.11,9.93,10.03,4469400,8.9414
2014-11-14,9.95,10.09,9.86,10.01,6022700,8.92357
2014-11-13,9.99,10.09,9.85,9.93,7918000,8.85225
2014-11-12,9.72,10.00,9.72,9.99,6205000,8.90574
2014-11-11,10.30,10.35,9.71,9.80,13666100,8.73636
2014-11-10,10.27,10.36,10.22,10.28,6048100,9.16427
2014-11-07,10.31,10.39,10.25,10.26,8021300,9.14643
2014-11-06,10.33,10.36,10.22,10.31,6659000,9.19101
2014-11-05,10.34,10.40,10.20,10.37,7057000,9.2445
2014-11-04,10.59,10.64,10.26,10.33,9682700,9.20884
2014-11-03,10.40,10.62,10.31,10.57,9728000,9.42279
2014-10-31,10.63,10.72,10.26,10.41,15235000,9.28015
2014-10-30,10.68,10.82,10.60,10.62,9374900,9.46736
2014-10-29,10.65,10.78,10.54,10.68,10513300,9.52085
2014-10-28,10.43,10.63,10.43,10.63,7975500,9.47628
2014-10-27,10.32,10.46,10.17,10.41,5694800,9.28015
2014-10-24,10.31,10.36,10.23,10.33,5129400,9.20884
2014-10-23,10.60,10.68,10.12,10.26,11442300,9.14643
2014-10-22,10.66,10.85,10.57,10.58,8301200,9.43171
2014-10-21,10.95,10.96,10.63,10.73,11851000,9.56543
2014-10-20,10.80,11.15,10.78,11.01,12257900,9.81504
2014-10-17,10.98,11.05,10.54,10.70,19351200,9.53868
2014-10-16,11.48,11.94995,11.05,11.08,36118100,9.87744
2014-10-15,11.23002,11.75003,11.22005,11.62997,29696400,10.36772
2014-10-14,11.34,11.52995,11.09,11.26003,16637000,10.03793
2014-10-13,11.44002,11.58002,11.26003,11.33003,16314100,10.10034
2014-10-10,11.23002,11.59995,11.16,11.50005,31912500,10.2519
2014-10-09,11.12,11.37998,10.96,11.26003,22344700,10.03793
2014-10-08,10.95,11.15,10.86,11.13,16640600,9.92201
2014-10-07,10.91,10.91,10.91,10.91,000,9.72589
2014-10-06,10.91,10.91,10.91,10.91,000,9.72589
2014-10-03,10.91,10.91,10.91,10.91,000,9.72589
2014-10-02,10.91,10.91,10.91,10.91,000,9.72589
2014-10-01,10.91,10.91,10.91,10.91,000,9.72589
2014-09-30,10.88,10.99,10.80,10.91,12292400,9.72589
2014-09-29,10.68,11.09,10.68,10.93,19988000,9.74372
2014-09-26,10.49,10.75,10.42,10.60,12543900,9.44954
2014-09-25,10.66,10.90,10.54,10.56,16947700,9.41388
2014-09-24,10.47,10.64,10.40,10.62,17271700,9.46736
2014-09-23,10.69,10.86,10.36,10.56,27466900,9.41388
2014-09-22,11.09,11.19,10.61,10.69,20985300,9.52977
2014-09-19,11.27997,11.38995,11.13,11.23998,15485000,10.02006
2014-09-18,11.20,11.37998,11.02,11.27,23400000,10.04682
2014-09-17,10.62,11.55,10.32,11.23998,45793700,10.02006
2014-09-16,10.50,10.50,10.50,10.50,000,9.36039
2014-09-15,10.32,10.50,10.32,10.50,10730700,9.36039
2014-09-12,10.30,10.37,10.20,10.37,7667000,9.2445
2014-09-11,10.45,10.54,10.22,10.29,13019500,9.17318
2014-09-10,10.40,10.45,10.26,10.39,10233000,9.26233
2014-09-09,10.26,10.58,10.20,10.49,14654600,9.35147
2014-09-08,10.29,10.29,10.29,10.29,000,9.17318
2014-09-05,10.15,10.30,10.05,10.29,11030200,9.17318
2014-09-04,10.10,10.24,10.00,10.17,10663700,9.06621
2014-09-03,10.11,10.27,10.05,10.12,8538100,9.02163
2014-09-02,9.93,10.18,9.93,10.10,8824900,9.00381
2014-09-01,9.83,9.95,9.76,9.94,6571600,8.86117
2014-08-29,9.70,9.85,9.64,9.82,5089200,8.7542
2014-08-28,9.68,9.78,9.58,9.69,4859900,8.63831
2014-08-27,9.64,9.81,9.64,9.68,7061200,8.62939
2014-08-26,10.07,10.10,9.60,9.64,14022200,8.59373
2014-08-25,10.46,10.46,10.06,10.07,18143400,8.97706
2014-08-22,10.49,10.63,10.42,10.60,8457200,9.44954
2014-08-21,10.70,10.75,10.35,10.49,12141400,9.35147
2014-08-20,10.52,10.92,10.50,10.70,14106000,9.53868
2014-08-19,10.55,10.71,10.44,10.53,12036100,9.38714
2014-08-18,10.45,10.63,10.37,10.52,11262200,9.37822
2014-08-15,10.48,10.65,10.28,10.44,12053500,9.3069
2014-08-14,10.78,10.93,10.40,10.42,19610400,9.28907
2014-08-13,10.49,11.15,10.35,10.87,30057300,9.69024
2014-08-12,10.45,10.45,10.22,10.42,13069300,9.28907
2014-08-11,10.48,10.62,10.38,10.47,11836100,9.33364
2014-08-08,10.52,10.53,10.31,10.39,11051700,9.26233
2014-08-07,10.38,10.71,10.35,10.48,21501600,9.34256
2014-08-06,10.51,10.68,10.20,10.34,26798700,9.21775
2014-08-05,10.80,10.89,10.45,10.65,36769200,9.49411
2014-08-04,10.80,11.06,10.53,11.06,51498000,9.85961
2014-08-01,10.03,10.59,10.03,10.05,23133100,8.95923
2014-07-31,10.15,10.27,9.94,10.07,12806500,8.97706
2014-07-30,9.63,10.31,9.52,10.27,26454600,9.15535
2014-07-29,9.66,9.83,9.52,9.64,13719100,8.59373
2014-07-28,9.42,9.62,9.30,9.59,13548400,8.54916
2014-07-25,9.31,9.39,9.17,9.30,8482700,8.29063
2014-07-24,9.21,9.42,9.13,9.29,10177100,8.28171
2014-07-23,9.31,9.35,8.92,9.14,14640000,8.14799
2014-07-22,9.30,9.47,9.19,9.36,11418100,8.34412
2014-07-21,9.59,9.59,9.29,9.30,9625900,8.29063
2014-07-18,9.48,9.65,9.42,9.54,9092100,8.50459
2014-07-17,9.47,9.57,9.33,9.50,11447900,8.46892
2014-07-16,9.89,10.03,9.17,9.44,28060300,8.41543
2014-07-15,9.81,10.35,9.81,10.06,30397600,8.96814
2014-07-14,9.73,10.20,9.66,9.99,31738300,8.90574
2014-07-11,10.30,10.76,9.80,9.83,53703200,8.76311
2014-07-10,9.20,10.07,8.95,10.07,45964800,8.97706
2014-07-09,8.55,9.41,8.46,9.15,35426100,8.15691
2014-07-08,8.49,8.68,8.40,8.55,12048700,7.62203
2014-07-07,8.18,8.63,8.16,8.50,18114800,7.57746
2014-07-04,8.16,8.36,8.11,8.18,8838000,7.29219
2014-07-03,8.02,8.54,8.01,8.21,16294000,7.31894
2014-07-02,7.97,8.03,7.91,8.01,5700000,7.14064
2014-07-01,7.95,8.02,7.84,7.99,7011300,7.12281
2014-06-30,7.80,7.92,7.80,7.90,3868800,7.04258
2014-06-27,7.75,7.85,7.70,7.81,3632700,6.96234
2014-06-26,7.68,7.79,7.66,7.75,3704000,6.90886
2014-06-25,7.68,7.70,7.61,7.65,2022400,6.81972
2014-06-24,7.69,7.71,7.65,7.68,2370500,6.84645
2014-06-23,7.58,7.73,7.58,7.69,2274800,6.85537
2014-06-20,7.61,7.66,7.52,7.62,2310000,6.79297
2014-06-19,7.77,7.85,7.50,7.60,4426700,6.77513
2014-06-18,7.92,7.95,7.82,7.83,3351000,6.98017
2014-06-17,7.91,7.94,7.85,7.86,3391100,7.00692
2014-06-16,7.87,7.99,7.83,7.92,4316100,7.06041
2014-06-13,7.79,7.90,7.78,7.87,3725400,7.01584
2014-06-12,7.89,7.92,7.77,7.77,4025200,6.92669
2014-06-11,7.87,7.96,7.84,7.91,5267900,7.05149
2014-06-10,7.87,7.95,7.75,7.95,7737900,7.03723
2014-06-09,7.75,8.34,7.71,7.93,14993900,7.01953
2014-06-06,7.70,7.70,7.61,7.64,1819200,6.76282
2014-06-05,7.62,7.70,7.58,7.69,2392200,6.80708
2014-06-04,7.72,7.76,7.60,7.64,2994100,6.76282
2014-06-03,7.77,7.82,7.71,7.75,4336100,6.86019
2014-06-02,7.67,7.67,7.67,7.67,000,6.78937
2014-05-30,7.75,7.79,7.61,7.67,2838300,6.78937
2014-05-29,7.71,7.80,7.68,7.78,3664600,6.88675
2014-05-28,7.61,7.75,7.60,7.74,2900900,6.85134
2014-05-27,7.77,7.79,7.63,7.66,2533500,6.78053
2014-05-26,7.76,7.82,7.67,7.79,2582900,6.8956
2014-05-23,7.66,7.73,7.60,7.70,1969700,6.81593
2014-05-22,7.75,7.80,7.64,7.67,2285700,6.78937
2014-05-21,7.55,7.68,7.46,7.65,1291200,6.77168
2014-05-20,7.55,7.64,7.52,7.54,1307300,6.6743
2014-05-19,7.69,7.69,7.51,7.53,1769100,6.66545
2014-05-16,7.64,7.82,7.60,7.67,1885700,6.78937
2014-05-15,7.82,7.86,7.60,7.65,3435000,6.77168
2014-05-14,7.77,7.98,7.77,7.87,4230400,6.96642
2014-05-13,7.73,7.79,7.68,7.76,2791000,6.86904
2014-05-12,7.55,7.75,7.51,7.73,3271400,6.84249
2014-05-09,7.55,7.55,7.44,7.50,1225000,6.6389
2014-05-08,7.47,7.59,7.47,7.48,1711400,6.62119
2014-05-07,7.66,7.66,7.44,7.48,2518800,6.62119
2014-05-06,7.55,7.73,7.55,7.67,2526100,6.78937
2014-05-05,7.50,7.59,7.43,7.58,2155800,6.70971
2014-05-02,7.53,7.53,7.53,7.53,000,6.66545
2014-05-01,7.53,7.53,7.53,7.53,000,6.66545
2014-04-30,7.48,7.59,7.45,7.53,2309300,6.66545
2014-04-29,7.45,7.55,7.35,7.52,3669500,6.6566
2014-04-28,7.75,7.82,7.49,7.49,4156800,6.63004
2014-04-25,7.99,8.05,7.74,7.85,2898400,6.94871
2014-04-24,8.12,8.17,8.00,8.00,2595700,7.08149
2014-04-23,8.17,8.27,8.07,8.13,2239400,7.19657
2014-04-22,8.16,8.29,8.06,8.17,3802700,7.23197
2014-04-21,8.44,8.44,8.17,8.19,3690400,7.24968
2014-04-18,8.53,8.53,8.40,8.47,2742300,7.49753
2014-04-17,8.50,8.57,8.44,8.55,3334500,7.56834
2014-04-16,8.50,8.61,8.42,8.52,4132600,7.54178
2014-04-15,8.66,8.72,8.50,8.54,2928800,7.55949
2014-04-14,8.60,8.70,8.55,8.69,4749300,7.69227
2014-04-11,8.49,8.62,8.46,8.61,3490300,7.62145
2014-04-10,8.64,8.66,8.51,8.55,4614500,7.56834
2014-04-09,8.43,8.62,8.43,8.60,4240300,7.6126
2014-04-08,8.33,8.50,8.33,8.46,3847100,7.48867
2014-04-07,8.36,8.36,8.36,8.36,000,7.40016
2014-04-04,8.30,8.40,8.25,8.36,2761900,7.40016
2014-04-03,8.30,8.37,8.28,8.30,2428400,7.34704
2014-04-02,8.34,8.38,8.27,8.30,2176500,7.34704
2014-04-01,8.20,8.35,8.15,8.34,3289000,7.38245
2014-03-31,8.21,8.30,8.18,8.20,2619100,7.25853
2014-03-28,8.52,8.59,8.15,8.20,4816700,7.25853
2014-03-27,8.70,8.75,8.44,8.45,4968900,7.47982
2014-03-26,8.80,8.92,8.71,8.74,5126200,7.73653
2014-03-25,8.72,8.84,8.65,8.78,4196500,7.77194
2014-03-24,8.77,8.78,8.64,8.73,4557500,7.72767
2014-03-21,8.48,8.87,8.36,8.73,5942700,7.72767
2014-03-20,8.64,8.78,8.48,8.48,4763900,7.50638
2014-03-19,8.68,8.68,8.36,8.56,4649400,7.5772
2014-03-18,8.65,8.75,8.65,8.68,3189900,7.68342
2014-03-17,8.55,8.71,8.49,8.70,3192700,7.70112
2014-03-14,8.52,8.64,8.46,8.54,2239800,7.55949
2014-03-13,8.48,8.60,8.42,8.53,2860100,7.55064
2014-03-12,8.56,8.68,8.35,8.46,4505100,7.48867
2014-03-11,8.65,8.78,8.54,8.63,3900300,7.63916
2014-03-10,9.01,9.08,8.68,8.70,6352400,7.70112
2014-03-07,9.22,9.30,9.00,9.07,8220900,8.02863
2014-03-06,8.92,9.19,8.91,9.19,11146100,8.13486
2014-03-05,8.91,9.10,8.85,8.93,7247000,7.90471
2014-03-04,8.74,8.92,8.67,8.92,5587600,7.89587
2014-03-03,8.62,8.83,8.57,8.82,5524700,7.80734
2014-02-28,8.61,8.70,8.39,8.56,5759400,7.5772
2014-02-27,8.79,8.88,8.60,8.65,6228400,7.65686
2014-02-26,8.65,8.77,8.40,8.74,5879500,7.73653
2014-02-25,9.06,9.30,8.68,8.78,13430100,7.77194
2014-02-24,8.78,9.13,8.67,9.11,11922900,8.06405
2014-02-21,8.71,8.98,8.56,8.90,7843700,7.87816
2014-02-20,9.01,9.09,8.68,8.71,9180700,7.70998
2014-02-19,9.04,9.17,8.95,9.00,9704400,7.96667
2014-02-18,8.89,9.12,8.80,9.07,9457800,8.02863
2014-02-17,8.82,8.90,8.75,8.90,7003300,7.87816
2014-02-14,8.78,8.96,8.77,8.82,5047700,7.80734
2014-02-13,8.77,8.95,8.65,8.75,7730400,7.74538
2014-02-12,8.65,8.84,8.61,8.78,6778200,7.77194
2014-02-11,8.58,8.73,8.51,8.64,7996500,7.64801
2014-02-10,8.40,8.79,8.39,8.66,10213500,7.66571
2014-02-07,8.12,8.41,8.01,8.35,4864200,7.39131
2014-02-06,8.11,8.11,8.11,8.11,000,7.17886
2014-02-05,8.11,8.11,8.11,8.11,000,7.17886
2014-02-03,8.11,8.11,8.11,8.11,000,7.17886
2014-01-31,8.11,8.11,8.11,8.11,000,7.17886
2014-01-30,8.29,8.29,8.08,8.11,2855700,7.17886
2014-01-29,8.25,8.33,8.22,8.30,2772500,7.34704
2014-01-28,8.23,8.26,8.13,8.26,3299500,7.31164
2014-01-27,8.22,8.27,8.14,8.16,4508200,7.22312
2014-01-24,8.12,8.37,8.10,8.26,5353200,7.31164
2014-01-23,8.15,8.17,8.05,8.13,3741400,7.19657
2014-01-22,8.02,8.17,7.95,8.15,4148100,7.21427
2014-01-21,7.88,8.00,7.84,7.96,2443800,7.04608
2014-01-20,7.90,7.95,7.75,7.89,2909000,6.98412
2014-01-17,8.00,8.05,7.83,7.89,3154800,6.98412
2014-01-16,8.00,8.19,7.95,8.05,3170900,7.12575
2014-01-15,7.93,8.11,7.86,8.03,4141900,7.10804
2014-01-14,7.84,7.93,7.75,7.92,4125200,7.01068
2014-01-13,7.78,7.85,7.69,7.76,3936100,6.86904
2014-01-10,7.88,7.90,7.63,7.69,6237300,6.80708
2014-01-09,8.16,8.26,7.83,7.92,10697300,7.01068
2014-01-08,8.81,8.93,8.07,8.29,14911200,7.3382
2014-01-07,8.85,8.95,8.77,8.92,2835400,7.89587
2014-01-06,9.10,9.10,8.86,8.88,3957000,7.86045
2014-01-03,9.13,9.19,9.02,9.06,4380100,8.01979
2014-01-02,9.10,9.20,9.08,9.17,3594100,8.11716
2014-01-01,9.12,9.12,9.12,9.12,000,8.0729
2013-12-31,9.10,9.16,9.04,9.12,2615900,8.0729
2013-12-30,9.19,9.24,9.09,9.10,3165100,8.05519
2013-12-27,9.03,9.18,9.02,9.12,4691300,8.0729
2013-12-26,9.14,9.39,9.01,9.06,8144600,8.01979
2013-12-25,9.22,9.23,9.03,9.14,5803800,8.0906
2013-12-24,9.52,9.87,9.14,9.25,12050400,8.18797
2013-12-23,8.98,9.15,8.81,8.99,4874900,7.95783
2013-12-20,8.92,9.05,8.85,8.91,4654300,7.88701
2013-12-19,9.09,9.25,8.91,8.91,5715200,7.88701
2013-12-18,9.07,9.19,9.03,9.12,4128900,8.0729
2013-12-17,9.08,9.16,9.01,9.07,2653200,8.02863
2013-12-16,9.10,9.24,9.03,9.06,3462100,8.01979
2013-12-13,9.08,9.14,9.02,9.10,2736000,8.05519
2013-12-12,9.01,9.24,9.01,9.08,3087900,8.03749
2013-12-11,9.27,9.28,9.02,9.08,4929600,8.03749
2013-12-10,9.30,9.37,9.24,9.28,3519200,8.21452
2013-12-09,9.24,9.37,9.24,9.30,3400900,8.23223
2013-12-06,9.26,9.33,9.18,9.21,4907600,8.15256
2013-12-05,9.18,9.58,9.07,9.34,9914300,8.26764
2013-12-04,9.10,9.24,9.05,9.18,4342600,8.12601
2013-12-03,8.82,9.14,8.82,9.10,3291600,8.05519
2013-12-02,9.11,9.36,8.80,8.92,7123400,7.89587
2013-11-29,9.44,9.45,9.30,9.42,5694200,8.33845
2013-11-28,9.26,9.49,9.25,9.43,9100500,8.3473
2013-11-27,9.23,9.26,9.14,9.25,4842700,8.18797
2013-11-26,9.13,9.28,9.11,9.19,3529300,8.13486
2013-11-25,9.04,9.13,9.01,9.07,3305400,8.02863
2013-11-22,9.20,9.22,9.07,9.08,4029300,8.03749
2013-11-21,9.28,9.28,9.11,9.17,5078400,8.11716
2013-11-20,9.30,9.35,9.20,9.32,4377900,8.24994
2013-11-19,9.33,9.41,9.25,9.30,4600900,8.23223
2013-11-18,9.17,9.33,9.17,9.28,5629800,8.21452
2013-11-15,8.99,9.23,8.99,9.18,4239100,8.12601
2013-11-14,8.90,9.04,8.84,8.99,2126700,7.95783
2013-11-13,9.20,9.20,8.88,8.90,2794600,7.87816
2013-11-12,9.15,9.26,9.13,9.20,3474100,8.14372
2013-11-11,8.90,9.32,8.75,9.23,4982200,8.17027
2013-11-08,9.12,9.18,8.80,8.90,3862800,7.87816
2013-11-07,9.37,9.37,9.12,9.12,3907700,8.0729
2013-11-06,9.47,9.57,9.28,9.37,3930500,8.29419
2013-11-05,9.42,9.55,9.32,9.51,3861000,8.41812
2013-11-04,9.27,9.49,9.25,9.42,3976400,8.33845
2013-11-01,9.20,9.40,9.08,9.28,4371600,8.21452
2013-10-31,9.44,9.44,9.16,9.18,5062300,8.12601
2013-10-30,9.36,9.43,9.24,9.42,6264600,8.33845
2013-10-29,10.15,10.22,9.14,9.33,13165000,8.25879
2013-10-28,10.21,10.30,10.06,10.15,4057200,8.98464
2013-10-25,10.52,10.59,10.13,10.20,8886900,9.0289
2013-10-24,10.70,10.90,10.50,10.52,9674600,9.31216
2013-10-23,11.41997,11.59995,10.90,10.94,17078700,9.68394
2013-10-22,11.18,11.44998,10.96,11.34,19518100,10.03801
2013-10-21,11.24995,11.26003,11.06,11.20,13231400,9.91409
2013-10-18,10.82,11.27,10.82,11.12,14002700,9.84327
2013-10-17,10.74,11.17,10.67,10.96,15728800,9.70164
2013-10-16,10.90,10.92,10.60,10.70,15388100,9.47149
2013-10-15,10.60,11.23998,10.60,11.03,27637100,9.7636
2013-10-14,10.58,10.65,10.48,10.54,7063400,9.32986
2013-10-11,10.61,10.68,10.40,10.55,8437200,9.33871
2013-10-10,10.68,10.95,10.53,10.55,15279800,9.33871
2013-10-09,10.15,10.88,10.11,10.79,20286800,9.55116
2013-10-08,10.20,10.28,10.08,10.18,7426900,9.0112
2013-10-07,10.30,10.30,10.30,10.30,000,9.11742
2013-10-04,10.30,10.30,10.30,10.30,000,9.11742
2013-10-03,10.30,10.30,10.30,10.30,000,9.11742
2013-10-02,10.30,10.30,10.30,10.30,000,9.11742
2013-10-01,10.30,10.30,10.30,10.30,000,9.11742
2013-09-30,10.55,10.55,10.26,10.30,6067800,9.11742
2013-09-27,10.38,10.56,10.35,10.46,8993400,9.25905
2013-09-26,10.44,10.48,10.26,10.40,8671600,9.20593
2013-09-25,10.29,10.54,10.23,10.48,12197000,9.27675
2013-09-24,10.34,10.39,10.19,10.30,7530500,9.11742
2013-09-23,10.21,10.43,10.19,10.39,8940400,9.19709
2013-09-20,10.16,10.16,10.16,10.16,000,8.99349
2013-09-18,10.16,10.23,10.09,10.16,3910400,8.99349
2013-09-17,10.18,10.30,10.10,10.11,4816100,8.94924
2013-09-16,10.18,10.26,10.11,10.17,4234200,9.00235
2013-09-13,10.22,10.25,10.10,10.18,5715300,9.0112
2013-09-12,10.19,10.44,10.07,10.26,6403400,9.08201
2013-09-11,10.42,10.52,10.11,10.24,9579800,9.06431
2013-09-10,10.49,10.54,10.35,10.52,8431500,9.31216
2013-09-09,10.42,10.54,10.32,10.49,6190700,9.2856
2013-09-06,10.36,10.54,10.33,10.41,5439700,9.21479
2013-09-05,10.34,10.48,10.26,10.36,4346500,9.17053
2013-09-04,10.61,10.68,10.34,10.35,6330200,9.16168
2013-09-03,10.39,10.61,10.38,10.60,5286400,9.38298
2013-09-02,10.50,10.51,10.12,10.39,7404400,9.19709
2013-08-30,11.10,11.15,10.40,10.57,9789400,9.35642
2013-08-29,11.11,11.26003,10.98,11.06,6140100,9.79016
2013-08-28,11.34997,11.40003,11.16,11.16,10191900,9.87868
2013-08-27,11.19,11.58002,11.12,11.47003,13968100,10.15311
2013-08-26,10.90,11.19,10.85,11.17,6785100,9.88753
2013-08-23,11.10,11.17,10.80,10.97,8782400,9.71049
2013-08-22,11.19,11.24995,11.05,11.05,8176200,9.78131
2013-08-21,11.12,11.40003,11.08,11.18,8790400,9.89638
2013-08-20,11.40003,11.48,11.04,11.12,13017000,9.84327
2013-08-19,11.22005,11.45995,11.11,11.41997,9571700,10.1088
2013-08-16,11.82003,11.97997,11.34997,11.34997,18660500,10.04683
2013-08-15,11.76997,12.14002,11.59995,12.00002,29281100,10.62225
2013-08-14,11.69997,11.90,11.52995,11.79998,21624300,10.44518
2013-08-13,11.37998,11.69997,11.30002,11.69997,12652500,10.35665
2013-08-12,11.38995,11.45995,11.24995,11.41,11501100,10.09997
2013-08-09,11.65998,11.72998,11.29005,11.40003,12162100,10.09115
2013-08-08,11.44002,11.75003,11.26003,11.51998,13074300,10.19733
2013-08-07,11.71005,11.83,11.43005,11.43005,16057900,10.11772
2013-08-06,11.59995,11.72002,11.37998,11.62997,17704700,10.29469
2013-08-05,11.33003,11.65998,11.24995,11.65002,13477500,10.31243
2013-08-02,11.45995,11.48,11.26003,11.30002,9854300,10.00262
2013-08-01,11.11,11.48997,11.07,11.45995,11363200,10.14419
2013-07-31,11.19,11.34,11.03,11.10,7670500,9.82556
2013-07-30,11.30002,11.47003,10.90,11.12,10854200,9.84327
2013-07-29,11.23002,11.54003,11.01,11.31995,11893800,10.02026
2013-07-26,11.58002,11.79998,11.22005,11.30002,15753200,10.00262
2013-07-25,11.44998,11.97997,11.41,11.69997,27591100,10.35665
2013-07-24,11.30002,11.69997,11.15,11.47003,21283200,10.15311
2013-07-23,11.18,11.41,11.15,11.34997,19546300,10.04683
2013-07-22,10.66,11.23002,10.61,11.23002,20303100,9.94066
2013-07-19,10.61,10.91,10.46,10.66,14538100,9.43609
2013-07-18,11.00,11.05,10.64,10.67,13877900,9.44494
2013-07-17,11.18,11.48997,11.00,11.11,17686100,9.83442
2013-07-16,11.12,11.19,10.90,11.11,13463700,9.83442
2013-07-15,10.60,11.24995,10.55,11.12,18294700,9.84327
2013-07-12,10.80,11.15,10.80,10.89,15943000,9.63967
2013-07-11,10.67,11.08,10.59,10.87,16090600,9.62198
2013-07-10,10.58,10.77,10.40,10.67,12194500,9.44494
2013-07-09,10.05,10.44,10.05,10.27,7672900,9.09086
2013-07-08,10.50,10.52,10.14,10.16,13391200,8.99349
2013-07-05,11.23002,11.34,10.84,10.84,15593800,9.59542
2013-07-04,11.05,11.36005,10.98,11.13,18524600,9.85212
2013-07-03,11.18,11.47003,10.92,11.31995,29958500,10.02026
2013-07-02,10.37,10.88,10.31,10.85,20496500,9.60427
2013-07-01,10.01,10.48,9.85,10.41,12640800,9.21479
2013-06-28,10.30,10.58,9.78,10.07,23982200,8.91382
2013-06-27,11.08,11.55,10.38,10.47,29889800,9.2679
2013-06-26,10.73,11.24995,10.51,11.22005,24626000,9.93183
2013-06-25,10.87,11.14,9.95,10.68,30318100,9.45378
2013-06-24,11.65002,12.10003,10.71,11.05,30096300,9.78131
2013-06-21,11.90,12.03003,11.07,11.75003,32531500,10.40097
2013-06-20,12.04997,12.60,11.87995,12.22995,41147500,10.82578
2013-06-19,12.39997,12.88997,12.00998,12.14002,50852100,10.74617
2013-06-18,12.41005,12.41005,11.72998,12.21998,54031400,10.81696
2013-06-17,11.27997,11.27997,11.27997,11.27997,5951700,9.98487
2013-06-14,10.10,10.47,10.00,10.25,10652100,9.07316
2013-06-13,10.65,10.65,9.81,10.11,12588400,8.94924
2013-06-12,10.90,10.90,10.90,10.90,000,9.64853
2013-06-11,10.90,10.90,10.90,10.90,000,9.64853
2013-06-10,10.90,10.90,10.90,10.90,000,9.64853
2013-06-07,11.37002,11.48997,10.83,10.90,15497600,9.64853
2013-06-06,11.48997,11.90,11.27,11.29005,19130700,9.9938
2013-06-05,11.03,11.69997,10.95,11.45995,18872700,10.14419
2013-06-04,11.34997,11.62,11.00,11.03,16017200,9.7636
2013-06-03,11.59995,11.79998,11.30002,11.47003,18830100,10.15311
2013-05-31,11.64005,12.15995,11.59995,11.73995,32817500,10.39204
2013-05-30,11.41997,11.97997,11.37998,11.71005,21086700,10.36557
2013-05-29,11.59995,11.65002,11.41,11.52995,16989000,10.20615
2013-05-28,11.69997,12.07998,11.50005,11.65002,24015000,10.31243
2013-05-27,11.45995,11.80995,11.34997,11.79002,19103800,10.43636
2013-05-24,11.43005,11.75003,11.31995,11.61003,15994800,10.27704
2013-05-23,11.78005,11.97997,11.44998,11.47003,19515400,10.15311
2013-05-22,12.01995,12.01995,11.65998,11.83,25071100,10.47175
2013-05-21,11.27997,12.21998,11.15,12.04997,43123600,10.66647
2013-05-20,11.51002,11.73995,11.10,11.34,26502000,10.03801
2013-05-17,11.40003,11.65998,11.34997,11.48,22375300,10.16194
2013-05-16,11.17,11.76997,11.02,11.55997,35737400,10.23272
2013-05-15,11.06,11.20,10.88,11.11,12766200,9.83442
2013-05-14,11.29005,11.30002,10.73,11.10,21802700,9.82556
2013-05-13,11.34,11.65998,11.23002,11.37002,23013500,10.06458
2013-05-10,10.85,11.44998,10.72,11.31995,28860600,10.02026
2013-05-09,11.17,11.22005,10.68,10.90,23866000,9.64853
2013-05-08,11.08,11.50005,11.00,11.16,23001400,9.87868
2013-05-07,11.15,11.38995,10.90,11.10,24408900,9.82556
2013-05-06,10.47,11.26003,10.41,11.10,28026900,9.82556
2013-05-03,10.26,10.72,10.19,10.60,20570300,9.38298
2013-05-02,9.99,10.33,9.91,10.27,13603400,9.09086
2013-05-01,9.99,9.99,9.99,9.99,000,8.84301
2013-04-30,9.99,9.99,9.99,9.99,000,8.84301
2013-04-29,9.99,9.99,9.99,9.99,000,8.84301
2013-04-26,10.25,10.37,9.91,9.99,18913800,8.84301
2013-04-25,10.70,10.82,10.20,10.26,34242300,9.08201
2013-04-24,10.80,11.12,10.77,10.91,28540900,9.65738
2013-04-23,11.50005,11.51002,10.80,10.82,46359300,9.57771
2013-04-22,10.78,11.69997,10.61,11.69997,54414700,10.35665
2013-04-19,11.25,11.88,11.18001,11.73,42863000,9.40956
2013-04-18,11.18001,11.95001,11.09,11.41,39881300,9.15286
2013-04-17,11.56,11.66,11.27,11.38,31339600,9.1288
2013-04-16,10.70001,11.83,10.65,11.69,40171800,9.37748
2013-04-15,11.00,11.54,10.90,11.05001,33880700,8.86408
2013-04-12,11.04,11.85,10.84,11.25,58041700,9.02451
2013-04-11,10.96,11.30,10.70001,11.17,62310600,8.96034
2013-04-10,9.40,10.48,9.30,10.48,31777800,8.40683
2013-04-09,9.48001,10.04,9.48001,9.53,21632200,7.64477
2013-04-08,9.25,9.48001,8.65,9.22,20436700,7.3961
2013-04-05,9.59,9.59,9.59,9.59,000,7.6929
2013-04-04,9.59,9.59,9.59,9.59,000,7.6929
2013-04-03,9.80001,10.25001,9.40,9.59,26545500,7.6929
2013-04-02,9.82,10.21999,9.54,9.88,29007800,7.92553
2013-04-01,10.20,10.44,9.82,9.82,32047000,7.8774
2013-03-29,9.35001,10.48,9.30,10.29,51597400,8.25442
2013-03-28,9.44999,10.10,9.26,9.54,46917300,7.65279
2013-03-27,8.69,9.26,8.63,9.24,23711100,7.41214
2013-03-26,8.86,8.88,8.51999,8.66,9172300,6.94687
2013-03-25,8.89,8.94,8.67,8.90,10501800,7.1394
2013-03-22,8.83,8.95,8.70,8.79,11285000,7.05115
2013-03-21,8.53,8.86,8.51999,8.85,15744200,7.09928
2013-03-20,8.49,8.62,8.33,8.60,15131700,6.89874
2013-03-19,9.18,9.31,8.35999,8.40,25070800,6.7383
2013-03-18,8.99999,9.44,8.96,9.24,15658100,7.41214
2013-03-15,9.08,9.44999,8.79,9.14,17756800,7.33192
2013-03-14,8.99999,9.37,8.99999,9.07,17061700,7.27576
2013-03-13,9.12999,9.12999,8.78,9.06,13900700,7.26775
2013-03-12,9.28999,9.44,8.82,9.20,23370700,7.38005
2013-03-11,9.70,9.70,9.10,9.34,24567700,7.49235
2013-03-08,10.11,10.60,9.53,9.76,50938800,7.82927
2013-03-07,8.99999,9.97,8.91,9.97,48413400,7.99772
2013-03-06,8.56,9.31,8.55001,9.06,40644600,7.26775
2013-03-05,8.14,8.55001,8.09,8.46,18692800,6.78643
2013-03-04,8.19,8.31,7.94001,8.15,14165200,6.53776
2013-03-01,7.97001,8.33,7.95,8.27,18126000,6.63402
2013-02-28,7.90,7.99,7.81001,7.98,7724300,6.40139
2013-02-27,7.96,8.09,7.78001,7.90,9511400,6.33722
2013-02-26,7.85,8.22,7.74999,7.97001,16786700,6.39337
2013-02-25,7.77,7.94001,7.73,7.87,7912900,6.31315
2013-02-22,7.90,7.93,7.67,7.77,11675300,6.23293
2013-02-21,7.76,8.14,7.72,7.88,26473500,6.32117
2013-02-20,7.62001,7.84,7.47,7.82,13284900,6.27304
2013-02-19,7.64,7.77,7.60,7.65001,10262300,6.13668
2013-02-18,7.69,7.71,7.61,7.63,7389000,6.12063
2013-02-15,7.70,7.70,7.70,7.70,000,6.17678
2013-02-14,7.70,7.70,7.70,7.70,000,6.17678
2013-02-13,7.70,7.70,7.70,7.70,000,6.17678
2013-02-12,7.70,7.70,7.70,7.70,000,6.17678
2013-02-11,7.70,7.70,7.70,7.70,000,6.17678
2013-02-08,7.62001,7.77,7.58,7.70,8136400,6.17678
2013-02-07,7.70,7.77,7.58,7.62001,9499800,6.11261
2013-02-06,7.57,7.90,7.50,7.76,16306100,6.22491
2013-02-05,7.32,7.58,7.32,7.56,7024200,6.06447
2013-02-04,7.52,7.58,7.40,7.42,8609300,5.95217
2013-02-01,7.33001,7.77,7.26999,7.55,12171400,6.05646
2013-01-31,7.40,7.42999,7.29999,7.34,6122000,5.88799
2013-01-30,7.31,7.58,7.28,7.47,15151200,5.99228
2013-01-29,7.17001,7.29,7.15,7.21,5444200,5.78371
2013-01-28,7.00,7.22,7.00,7.20001,5484700,5.77569
2013-01-25,7.05,7.08,6.96,6.97999,3440000,5.59921
2013-01-24,7.17001,7.26,6.96,7.06,7159200,5.66339
2013-01-23,7.17001,7.29,7.08,7.19,4971700,5.76767
2013-01-22,7.39,7.41,7.12,7.18,6912100,5.75964
2013-01-21,7.36,7.45999,7.35,7.39,6041200,5.92811
2013-01-18,7.31,7.45999,7.29999,7.42,7791500,5.95217
2013-01-17,7.77,7.94001,7.38,7.39,15025600,5.92811
2013-01-16,7.36,7.88,7.20001,7.58999,18465400,6.08854
2013-01-15,7.29,7.53,7.23,7.38,12302800,5.92008
2013-01-14,7.05,7.29999,7.02,7.26999,9238300,5.83184
2013-01-11,7.29999,7.32,7.02,7.03,7412300,5.63932
2013-01-10,7.32,7.32,7.18,7.29,5813100,5.84789
2013-01-09,7.29999,7.44,7.17001,7.29,9446200,5.84789
2013-01-08,7.20001,7.39,7.13,7.37,11920800,5.91206
2013-01-07,7.08,7.45,7.08,7.28,20890800,5.83986
2013-01-04,7.03,7.07,6.84,6.90,4575300,5.53504
2013-01-03,6.99,6.99,6.99,6.99,000,5.60723
2013-01-02,6.99,6.99,6.99,6.99,000,5.60723
2013-01-01,6.99,6.99,6.99,6.99,000,5.60723
2012-12-31,6.89,7.08,6.87,6.99,6134500,5.60723
2012-12-28,6.88001,6.97999,6.83,6.89,5878700,5.52701
2012-12-27,6.91,6.99,6.80,6.83,6206800,5.47888
2012-12-26,6.81,6.90,6.74,6.88001,6577700,5.519
2012-12-25,6.67,6.84,6.61,6.81,7994300,5.46284
2012-12-24,6.52999,6.75,6.49,6.67,5016400,5.35053
2012-12-21,6.59,6.72001,6.49,6.52999,5578900,5.23823
2012-12-20,6.68,6.70,6.42,6.56001,7179900,5.2623
2012-12-19,6.70,6.84,6.67,6.71,5389600,5.38262
2012-12-18,6.65999,7.10,6.63,6.79,12750700,5.44679
2012-12-17,6.59,6.85001,6.55,6.65999,7634200,5.34251
2012-12-14,6.24001,6.61,6.24001,6.60,8142300,5.29438
2012-12-13,6.45,6.49999,6.26,6.27001,3959500,5.02967
2012-12-12,6.45,6.67,6.42,6.49999,5856500,5.21416
2012-12-11,6.40001,6.55,6.32,6.40001,5911500,5.13395
2012-12-10,6.28,6.46,6.26,6.42,4226500,5.14999
2012-12-07,6.10,6.28,6.07,6.28,3933500,5.03768
2012-12-06,6.14,6.19,6.07,6.10,2308000,4.89329
2012-12-05,5.85,6.19,5.85,6.16,4407600,4.94142
2012-12-04,5.75999,5.93,5.67,5.90,3024500,4.73286
2012-12-03,6.09,6.13,5.82,5.83,3486600,4.6767
2012-11-30,6.01,6.13,5.99,6.11001,2869800,4.90132
2012-11-29,6.22,6.28,6.00,6.02,2696200,4.82912
2012-11-28,6.43001,6.44,6.16,6.22,4264100,4.98955
2012-11-27,6.85001,6.89,6.45,6.45,5275200,5.17406
2012-11-26,6.88001,6.96,6.79,6.90,4113000,5.53504
2012-11-23,6.81,6.90,6.81,6.86,2899500,5.50295
2012-11-22,6.90,6.96,6.81,6.81999,2597100,5.47086
2012-11-21,6.91,6.99,6.81,6.97,3762400,5.59119
2012-11-20,7.02,7.06,6.89,6.90,3578500,5.53504
2012-11-19,6.94,7.04001,6.76,7.04001,4106500,5.64735
2012-11-16,6.97999,7.00,6.83,6.94,3581600,5.56713
2012-11-15,7.13,7.18,6.97999,7.00,2894400,5.61526
2012-11-14,7.17001,7.21,7.08,7.21,2622500,5.78371
2012-11-13,7.26999,7.33001,7.13999,7.16,3040900,5.7436
2012-11-12,7.35,7.40,7.21,7.26999,3408400,5.83184
2012-11-09,7.31,7.39,7.25,7.33001,2213500,5.87998
2012-11-08,7.58,7.60,7.29,7.31,5655200,5.86393
2012-11-07,7.66,7.71,7.58999,7.63,3113700,6.12063
2012-11-06,7.81001,7.83,7.58,7.63,4719300,6.12063
2012-11-05,7.80,7.90,7.71,7.81001,4739600,6.26502
2012-11-02,7.73,8.02,7.63,7.89,6495600,6.32919
2012-11-01,7.58999,7.74999,7.58,7.71,4524700,6.1848
2012-10-31,7.55,7.61,7.42999,7.58999,4258100,6.08854
2012-10-30,7.62001,7.69,7.51,7.55,3854200,6.05646
2012-10-29,7.71,7.77,7.56,7.62001,6866000,6.11261
2012-10-26,7.95,8.30,7.89,7.90999,13487600,6.34523
2012-10-25,8.00,8.03,7.78001,7.79,8242200,6.24897
2012-10-24,8.15,8.25,7.98,8.08,17323700,6.48161
2012-10-23,7.86,8.25,7.77,8.25,15471700,6.61798
2012-10-22,7.85,7.95,7.72,7.89,5804300,6.32919
2012-10-19,8.00,8.15,7.83,7.85,11541100,6.2971
2012-10-18,7.64,8.00,7.61,7.90,15598400,6.33722
2012-10-17,7.58,7.77,7.40,7.61,6627900,6.10459
2012-10-16,7.50,7.60,7.45,7.53,4757900,6.04041
2012-10-15,7.64,7.67,7.45,7.50,3617900,6.01634
2012-10-12,7.70,7.85,7.54,7.64,4253500,6.12865
2012-10-11,7.82,7.94001,7.70,7.71,5263900,6.1848
2012-10-10,7.69,7.88,7.64,7.84,7824200,6.28909
2012-10-09,7.54,7.72,7.52,7.70,5919300,6.17678
2012-10-08,7.66,7.69,7.51,7.54,2272100,6.04843
2012-10-05,7.64,7.64,7.64,7.64,000,6.12865
2012-10-04,7.64,7.64,7.64,7.64,000,6.12865
2012-10-03,7.64,7.64,7.64,7.64,000,6.12865
2012-10-02,7.64,7.64,7.64,7.64,000,6.12865
2012-10-01,7.64,7.64,7.64,7.64,000,6.12865
2012-09-28,7.40,7.70,7.40,7.64,5632600,6.12865
2012-09-27,7.21,7.90,7.15,7.70,15060600,6.17678
2012-09-26,7.86,8.40,7.81001,7.83,14666600,6.28106
2012-09-25,7.90,8.00,7.64,7.64,2921500,6.12865
2012-09-24,7.56,7.83,7.53,7.83,1986700,6.28106
2012-09-21,7.58,7.72,7.58,7.65001,1560100,6.13668
2012-09-20,8.08,8.08,7.64,7.68,4065600,6.16074
2012-09-19,7.70,7.94001,7.68,7.94001,3431000,6.36931
2012-09-18,7.89,7.98,7.76,7.82,2950300,6.27304
2012-09-17,8.18,8.28,7.85,7.89,3806000,6.32919
2012-09-14,8.24,8.31,8.17,8.22,3833000,6.59391
2012-09-13,8.35999,8.41,8.19,8.19,3140000,6.56985
2012-09-12,8.35,8.38,8.28,8.35,3869500,6.6982
2012-09-11,8.34,8.39001,8.19,8.31,5513800,6.66611
2012-09-10,8.42001,8.47,8.29,8.37,6788200,6.71424
2012-09-07,8.19,8.53,8.14,8.42001,5940400,6.75435
2012-09-06,7.93,8.27,7.92,8.16,3105400,6.54579
2012-09-05,7.84,8.11,7.84,7.97001,2816700,6.39337
2012-09-04,7.86,8.15,7.84,7.90999,3119600,6.34523
2012-09-03,7.78001,7.92,7.74999,7.86,1993700,6.30513
2012-08-31,7.74999,7.77,7.66,7.76,1586800,6.22491
2012-08-30,7.79,7.88,7.53,7.70,2542000,6.17678
2012-08-29,7.97001,8.06,7.85,7.87,1549800,6.31315
2012-08-28,7.80,7.99,7.80,7.88,1916100,6.32117
2012-08-27,8.09,8.09,7.79,7.80,2322700,6.257
2012-08-24,8.28,8.29,8.11,8.12,2446400,6.5137
2012-08-23,8.12,8.38,8.08,8.31,4056500,6.66611
2012-08-22,8.22999,8.31,8.06999,8.11,3500400,6.50567
2012-08-21,8.09,8.28,8.02,8.24,3444100,6.60995
2012-08-20,8.06999,8.11,7.90,8.09,2962300,6.48963
2012-08-17,8.31,8.35,8.01,8.11,4382800,6.50567
2012-08-16,8.35,8.55001,8.30,8.40,8648100,6.7383
2012-08-15,8.22999,8.29,8.15,8.22,2972600,6.59391
2012-08-14,8.25,8.35999,8.06999,8.30,5035100,6.65808
2012-08-13,8.40,8.43,8.19999,8.19999,3533400,6.57786
2012-08-10,8.45,8.63,8.38,8.41,5582400,6.74633
2012-08-09,8.25,8.51999,8.18,8.49,5967900,6.8105
2012-08-08,8.34,8.44,8.21,8.28,3438600,6.64204
2012-08-07,8.35,8.40,8.26001,8.34,3053300,6.69017
2012-08-06,8.05,8.38,8.00,8.35,4527900,6.6982
2012-08-03,7.88,8.28,7.76,8.16,6348100,6.54579
2012-08-02,7.86,7.99,7.81001,7.81001,2198400,6.26502
2012-08-01,7.81001,7.98,7.79,7.86,2583400,6.30513
2012-07-31,8.03999,8.10001,7.58999,7.81001,3618900,6.26502
2012-07-30,8.24,8.33,8.01,8.03999,2971600,6.44952
2012-07-27,8.58001,8.58001,8.33,8.34,2710500,6.69017
2012-07-26,8.45,8.62,8.39001,8.43,3521300,6.76237
2012-07-25,8.77,8.96999,8.54,8.55001,4908200,6.85864
2012-07-24,8.40,8.80999,8.31,8.64,5336400,6.93083
2012-07-23,8.41,8.70,8.35,8.47,2451400,6.79446
2012-07-20,8.50,8.65,8.45,8.53,2983600,6.84259
2012-07-19,8.38,8.69,8.25,8.55001,3969800,6.85864
2012-07-18,8.82,8.82,8.13,8.40,6953200,6.7383
2012-07-17,8.91,8.91,8.67999,8.83999,3998200,7.09126
2012-07-16,9.57999,9.57999,8.83999,8.91,6751500,7.14741
2012-07-13,9.43,9.60,9.42,9.50,3040700,7.6207
2012-07-12,9.32001,9.60,9.25,9.52,5966200,7.63674
2012-07-11,9.20,9.31,9.12999,9.31,2779400,7.46829
2012-07-10,9.35001,9.35001,9.12,9.19001,3275800,7.37203
2012-07-09,9.18,9.79,9.18,9.39,5826900,7.53246
2012-07-06,9.25,9.48001,9.09,9.40,3459400,7.54048
2012-07-05,9.48001,9.48001,9.15,9.15,3315400,7.33994
2012-07-04,9.73999,9.80001,9.44,9.47,3284900,7.59664
2012-07-03,9.60,9.87,9.60,9.66,3723400,7.74905
2012-07-02,9.65,9.82,9.51001,9.66,5076800,7.74905
2012-06-29,9.40,9.64001,9.15,9.64001,7089600,7.73301
2012-06-28,9.96001,10.09001,9.27,9.53,9657700,7.64477
2012-06-27,10.11,10.34,9.98,9.98,4641600,8.00575
2012-06-26,10.20,10.49,10.02,10.18,3651800,8.16619
2012-06-25,10.53,10.72,10.30,10.35,5445400,8.30255
2012-06-22,10.58,10.58,10.58,10.58,000,8.48705
2012-06-21,10.40,10.60,10.30,10.58,6306900,8.48705
2012-06-20,10.66,10.75,10.36,10.40,6801400,8.34266
2012-06-19,10.79999,10.87,10.62,10.64,9602100,8.53518
2012-06-18,10.46,10.79999,10.36,10.75,12402600,8.62343
2012-06-15,10.02,10.50999,10.02,10.44,11838300,8.37475
2012-06-14,10.19,10.26,9.98,10.00,4886000,8.02179
2012-06-13,10.15,10.24,10.07,10.20,4603300,8.18223
2012-06-12,10.07,10.15,9.98,10.10,4045600,8.10201
2012-06-11,9.91,10.14,9.80001,10.08,5689600,8.08597
2012-06-08,10.25001,10.26,9.85,9.88,5052300,7.92553
2012-06-07,10.25001,10.31,10.04,10.07,3966100,8.07794
2012-06-06,10.19,10.31,10.04,10.16,5723400,8.15014
2012-06-05,10.12,10.37999,10.08,10.17,5414400,8.15816
2012-06-04,10.39,10.52,10.07,10.08,5801000,8.08597
2012-06-01,10.60,10.65,10.43,10.60,5221100,8.5031
2012-05-31,10.50,10.76001,10.39,10.63,8290200,8.52717
2012-05-30,10.45,10.79,10.39,10.52,7008800,8.43892
2012-05-29,10.20,10.53,10.18,10.42,7291200,8.3587
2012-05-28,10.09001,10.26,9.79,10.19,6805300,8.1742
2012-05-25,10.50999,10.65,10.05999,10.11,8590300,8.11003
2012-05-24,10.79999,10.93,10.50,10.50999,8817600,8.4309
2012-05-23,10.76001,10.98999,10.66,10.90,10965400,8.74375
2012-05-22,10.68,10.89,10.60,10.73001,9444100,8.60739
2012-05-21,10.79999,10.85,10.46,10.60,10437400,8.5031
2012-05-18,11.20,11.29,10.63,10.92,25888100,8.7598
2012-05-17,10.96,11.90,10.87,11.50001,39689600,9.22506
2012-05-16,10.56,11.09,10.53999,10.82,21183200,8.67958
2012-05-15,10.02,10.61,9.93001,10.61,13246800,8.51112
2012-05-14,10.65,11.00,10.25001,10.27,16699900,8.23838
2012-05-11,10.01,10.45,9.93001,10.29,10484600,8.25442
2012-05-10,9.90,10.24,9.85,10.04,5402700,8.05388
2012-05-09,10.12,10.12,9.80001,9.90,5700100,7.94157
2012-05-08,10.23,10.40,10.12,10.18,5168800,8.16619
2012-05-07,10.13,10.45,10.11,10.31,6057800,8.27047
2012-05-04,10.15,10.28001,10.08,10.26,7458900,8.23036
2012-05-03,9.68,10.49,9.65,10.28001,13843600,8.24641
2012-05-02,9.80001,9.81,9.62,9.64001,3912500,7.73301
2012-05-01,9.52,9.52,9.52,9.52,000,7.63674
2012-04-30,9.52,9.52,9.52,9.52,000,7.63674
2012-04-27,9.70,9.73,9.52,9.52,3274700,7.63674
2012-04-26,9.85,9.88,9.63,9.65,3988900,7.74103
2012-04-25,9.67,9.92,9.56,9.85,4216100,7.90146
2012-04-24,9.76999,10.00,9.30,9.62,5883800,7.71696
2012-04-23,10.30,10.30,9.83,9.89,6387800,7.93355
2012-04-20,10.21,10.44,10.16,10.23,6473600,8.20629
2012-04-19,10.17,10.44,10.02999,10.30,8171400,8.26245
2012-04-18,9.99001,10.25001,9.76,10.14,8344900,8.1341
2012-04-17,9.81,10.48,9.73999,9.89,9966600,7.93355
2012-04-16,9.73,9.93001,9.65,9.81,4657800,7.86938
2012-04-13,9.64001,9.96001,9.55,9.91,7989900,7.94959
2012-04-12,9.39,9.65,9.34,9.62,8011900,7.71696
2012-04-11,9.31,9.31,9.31,9.31,000,7.46829
2012-04-10,9.20,9.32001,8.89,9.31,5333100,7.46829
2012-04-09,9.36,9.36,9.18,9.24,3699000,7.41214
2012-04-06,9.46,9.65,9.33,9.43,6647300,7.56455
2012-04-05,9.11,9.28,8.96999,9.27,4618300,7.4362
2012-04-04,8.94,8.94,8.94,8.94,000,7.17148
2012-04-03,8.94,8.94,8.94,8.94,000,7.17148
2012-04-02,8.94,8.94,8.94,8.94,000,7.17148
2012-03-30,9.17,9.28999,8.87001,8.94,5048900,7.17148
2012-03-29,9.49,9.51001,9.01,9.15,6145600,7.33994
2012-03-28,10.28001,10.28001,9.53,9.65,7454600,7.74103
2012-03-27,10.36,10.55,10.26,10.30,4652300,8.26245
2012-03-26,10.50,10.61,10.02999,10.31,8159800,8.27047
2012-03-23,11.01,11.50001,10.72,10.79,11405900,8.65552
2012-03-22,10.97,11.13,10.79999,10.90,5366600,8.74375
2012-03-21,11.10,11.16,10.76001,11.02001,8782300,8.84002
2012-03-20,11.10,11.19,10.79999,11.03,13390800,8.84803
2012-03-19,11.11,11.73,11.05001,11.29,28738300,9.0566
2012-03-16,10.35,11.11,10.31,11.11,11725200,8.91221
2012-03-15,10.26,10.45,9.95,10.10,9881900,8.10201
2012-03-14,10.82999,11.14999,10.30,10.40,17403200,8.34266
2012-03-13,10.79999,10.93,10.62,10.78,6301400,8.64749
2012-03-12,10.74,11.00,10.73001,10.78,8326100,8.64749
2012-03-09,10.61,10.81,10.53,10.74,7507100,8.6154
2012-03-08,10.39,10.68,10.32,10.64,7630700,8.53518
2012-03-07,10.37999,10.59,10.29,10.30,7110500,8.26245
2012-03-06,10.63,10.74,10.37999,10.50,10083100,8.42288
2012-03-05,10.46,10.95,10.33,10.74,17756100,8.6154
2012-03-02,10.10,10.44,10.10,10.40,9261200,8.34266
2012-03-01,10.00,10.35,9.93001,10.15,9110000,8.14212
2012-02-29,10.15,10.65,10.15,10.20,16642200,8.18223
2012-02-28,10.10,10.23,9.92,10.02999,9500900,8.04585
2012-02-27,10.15,10.40,10.08,10.18,11611300,8.16619
2012-02-24,10.33,10.40,10.10,10.24,9912200,8.21432
2012-02-23,10.12,10.37,10.05,10.23,10234500,8.20629
2012-02-22,9.90,10.32,9.84,10.14,12608300,8.1341
2012-02-21,9.64001,9.96001,9.50,9.96001,11304200,7.98971
2012-02-20,9.88,9.93001,9.57999,9.62,6737400,7.71696
2012-02-17,9.80001,9.88,9.48001,9.75,6889300,7.82125
2012-02-16,9.75,9.96001,9.68,9.82,9549900,7.8774
2012-02-15,9.63,9.76999,9.56,9.76,7693200,7.82927
2012-02-14,9.70,9.80001,9.56,9.66,6846200,7.74905
2012-02-13,9.36,9.88,9.32001,9.72,12579000,7.79718
2012-02-10,9.36,9.55,9.30,9.50,11155500,7.6207
2012-02-09,9.09,9.80001,9.06,9.50,17104000,7.6207
2012-02-08,8.78,9.09,8.71001,9.08,8679800,7.28379
2012-02-07,9.05,9.10,8.73,8.78,6076600,7.04313
2012-02-06,9.09,9.23,9.01,9.12,7536300,7.31588
2012-02-03,8.88,9.15,8.80,9.05,6626700,7.25972
2012-02-02,8.80,8.91,8.67,8.91,5139400,7.14741
2012-02-01,8.60,8.92,8.53,8.80,6842500,7.05918
2012-01-31,8.65,8.73,8.53,8.58001,2274700,6.8827
2012-01-30,8.59,8.79,8.56,8.64,4227700,6.93083
2012-01-27,8.51,8.51,8.51,8.51,000,6.82655
2012-01-26,8.51,8.51,8.51,8.51,000,6.82655
2012-01-25,8.51,8.51,8.51,8.51,000,6.82655
2012-01-24,8.51,8.51,8.51,8.51,000,6.82655
2012-01-23,8.51,8.51,8.51,8.51,000,6.82655
2012-01-20,8.50,8.57,8.43,8.51,2972000,6.82655
2012-01-19,8.49,8.80,8.35,8.42001,5751200,6.75435
2012-01-18,8.90,9.05,8.46,8.56,5153500,6.86665
2012-01-17,8.33,8.95,8.33,8.90,5010800,7.1394
2012-01-16,8.50,8.69,8.30,8.30,3273200,6.65808
2012-01-13,9.17,9.40,8.70,8.72,6915900,6.995
2012-01-12,8.90,9.44999,8.80,9.28999,8414500,7.45224
2012-01-11,9.01,9.12999,8.82,8.96,6727500,7.18753
2012-01-10,8.38,9.10,8.32,9.03001,10394800,7.24368
2012-01-09,8.18,8.62,8.08,8.62,6251500,6.91478
2012-01-06,7.74,8.13,7.68,8.13,5772000,6.52172
2012-01-05,8.22999,8.57,7.58,7.77,5179700,6.23293
2012-01-04,8.90,9.06,8.40,8.40,3879300,6.7383
2012-01-03,8.89,8.98,8.80,8.83999,3393600,7.09126
2012-01-02,8.89,8.98,8.80,8.83999,3393600,7.09126
2011-12-30,8.89,8.98,8.80,8.83999,3393600,7.09126
2011-12-29,8.64,8.98,8.62,8.75,5520000,7.01907
2011-12-28,8.50,8.80999,8.27,8.77,7466800,7.03511
2011-12-27,9.50,9.50,8.64,8.70,11111900,6.97896
2011-12-26,9.56,9.87,9.55,9.60,4993600,7.70092
2011-12-23,9.60,9.76999,9.42,9.50,6612100,7.6207
2011-12-22,10.18,10.19,9.60,9.60,12347700,7.70092
2011-12-21,11.70,11.80,10.67,10.67,16157400,8.55925
2011-12-20,12.02,12.32998,11.85,11.86,8773600,9.51384
2011-12-19,12.07999,12.10,11.73,12.02,3959400,9.64219
2011-12-16,11.70,12.20,11.62,12.16,5809700,9.7545
2011-12-15,12.10,12.33996,11.70,11.70,8932800,9.38549
2011-12-14,12.78003,13.08002,11.61,12.79999,10826100,10.26788
2011-12-13,13.30006,13.49003,12.85001,12.90003,8736500,10.34813
2011-12-12,13.56999,13.56999,13.56999,13.56999,000,10.88556
2011-12-09,13.25004,13.86998,13.20002,13.56999,8749200,10.88556
2011-12-08,13.28995,13.84004,13.09998,13.44001,12698700,10.7813
2011-12-07,13.90004,14.34997,13.61003,13.98998,15258500,11.22247
2011-12-06,13.45997,14.17995,13.25004,13.96004,13837100,11.19845
2011-12-05,14.32003,14.41994,13.44999,13.56999,17103800,10.88556
2011-12-02,14.96005,14.99997,14.20003,14.61004,32085500,11.71987
2011-12-01,13.99995,14.96005,13.90004,14.96005,25316900,12.00064
2011-11-30,14.15999,14.32003,13.44999,13.60005,11946200,10.90967
2011-11-29,14.27999,14.50002,13.94994,14.04997,11497100,11.2706
2011-11-28,13.72005,14.23995,13.68,14.04997,10438100,11.2706
2011-11-25,13.80,14.27999,13.56001,13.81996,9929200,11.08608
2011-11-24,13.31004,14.09001,13.28995,13.79002,12384500,11.06207
2011-11-23,13.27997,13.48005,13.20002,13.31004,3470500,10.67703
2011-11-22,13.14002,13.32999,13.04996,13.22995,2651800,10.61279
2011-11-21,13.57997,13.58995,13.04996,13.25004,4908700,10.6289
2011-11-18,14.05995,14.05995,13.36005,13.42005,7247700,10.76529
2011-11-17,13.90004,14.41994,13.90004,14.13005,8197600,11.33484
2011-11-16,14.39999,14.46996,13.86,13.94994,8517800,11.19035
2011-11-15,14.04997,14.50002,14.02004,14.39999,12220200,11.55137
2011-11-14,13.98,14.13005,13.91002,14.09001,7102100,11.30272
2011-11-11,13.79002,13.98998,13.71007,13.85002,4106700,11.1102
2011-11-10,13.82994,13.97002,13.72005,13.78004,5008600,11.05406
2011-11-09,13.80,13.99995,13.57997,13.99995,5376000,11.23047
2011-11-08,14.17995,14.28997,13.69996,13.79002,7477700,11.06207
2011-11-07,14.29995,14.48007,14.21001,14.21999,5128000,11.40698
2011-11-04,14.25005,14.41994,14.15999,14.29995,7532000,11.47112
2011-11-03,14.59994,14.77993,14.21999,14.25005,17304700,11.43109
2011-11-02,13.90004,14.25005,13.66005,14.19005,8832300,11.38297
2011-11-01,13.80,14.29995,13.80,14.07006,8530900,11.28671
2011-10-31,13.80998,14.25005,13.78004,13.93996,6314100,11.18234
2011-10-28,13.73002,14.09001,13.62999,13.92,7384700,11.16633
2011-10-27,13.93996,14.43005,13.67003,13.68998,10278600,10.98182
2011-10-26,13.39997,13.85002,13.32999,13.62999,7182900,10.93369
2011-10-25,13.15,13.56001,13.04996,13.50001,6321900,10.82943
2011-10-24,13.25004,13.44999,12.67999,13.32001,6410300,10.68504
2011-10-21,13.77006,13.80,13.27997,13.28995,2809300,10.66092
2011-10-20,13.60005,13.90004,13.50001,13.68998,4038200,10.98182
2011-10-19,14.05995,14.23995,13.66005,13.73002,5757400,11.01394
2011-10-18,14.25005,14.66006,13.94994,14.13005,9298400,11.33484
2011-10-17,14.45998,14.68002,14.16997,14.33999,3526000,11.50324
2011-10-14,14.31005,14.57998,14.16997,14.39001,4496800,11.54336
2011-10-13,13.99995,14.70996,13.97002,14.48007,8315900,11.61561
2011-10-12,13.44999,14.27001,13.44999,14.11995,7566900,11.32673
2011-10-11,14.07006,14.20003,13.32001,13.46995,4382000,10.80531
2011-10-10,13.57997,13.93996,13.39997,13.58995,3443800,10.90157
2011-09-30,13.52995,13.62999,13.25004,13.49003,2976500,10.82142
2011-09-29,13.80,13.90004,13.30006,13.40995,5447700,10.75718
2011-09-28,14.69,14.75,13.87996,13.99995,8960900,11.23047
2011-09-27,14.79004,15.08005,14.59994,14.68002,9432700,11.77601
2011-09-26,14.50002,14.88995,14.32003,14.48007,6453100,11.61561
2011-09-23,14.09999,14.80002,13.94994,14.68002,9083900,11.77601
2011-09-22,14.74002,15.28,14.45,14.45998,12628300,11.5995
2011-09-21,14.38003,15.15003,14.32003,14.96005,18836300,12.00064
2011-09-20,14.64996,14.74002,14.20003,14.45,15222100,11.59149
2011-09-19,13.36005,14.63,13.01004,14.63,15761600,11.73588
2011-09-16,13.38001,13.46995,13.28995,13.30006,3054000,10.66903
2011-09-15,13.34995,13.44999,13.27,13.28995,3289900,10.66092
2011-09-14,13.20002,13.38001,13.04996,13.32001,2875300,10.68504
2011-09-13,13.38001,13.38999,13.12006,13.20002,3546300,10.58878
2011-09-09,13.92998,13.96004,13.60005,13.60005,3744100,10.90967
2011-09-08,13.98998,14.16997,13.72005,13.92998,5450300,11.17434
2011-09-07,13.69996,13.96004,13.61003,13.89006,4633800,11.14232
2011-09-06,13.87996,14.09999,13.51997,13.67003,5143400,10.96581
2011-09-05,13.96004,14.21001,13.81996,14.02004,3966300,11.24658
2011-09-02,14.68002,14.87997,14.48007,14.51998,5010600,11.64763
2011-09-01,14.77993,14.86001,14.39999,14.40996,4770700,11.55937
2011-08-31,14.86001,15.04999,14.71994,14.79004,3077300,11.86426
2011-08-30,15.23996,15.29996,14.79004,14.80002,6238000,11.87226
2011-08-29,14.98999,15.31006,14.91003,15.15003,6851600,12.15304
2011-08-26,14.94995,15.08005,14.85004,15.03003,4329000,12.05678
2011-08-25,14.80002,15.04001,14.55004,14.94995,5035700,11.99254
2011-08-24,14.81997,15.14005,14.69998,14.75998,4646200,11.84015
2011-08-23,14.50002,14.85004,14.33001,14.81997,5465200,11.88827
2011-08-22,14.59994,14.82995,14.51998,14.81997,3620300,11.88827
2011-08-19,14.55004,14.79004,14.40996,14.66006,4944900,11.75999
2011-08-18,15.35996,15.48994,14.92001,14.92999,4725600,11.97653
2011-08-17,15.05997,15.39002,14.99997,15.34998,6066900,12.31343
2011-08-16,15.50004,15.53995,15.12995,15.15003,6970800,12.15304
2011-08-15,15.25007,15.54993,15.25007,15.48994,6488200,12.4257
2011-08-12,15.40,15.69001,15.26004,15.27002,8674200,12.24929
2011-08-11,14.87997,15.58,14.75,15.35996,11354000,12.32144
2011-08-10,15.16001,15.32004,15.00995,15.04999,10790800,12.07279
2011-08-09,13.99995,15.14005,13.38999,14.92001,14177500,11.96852
2011-08-08,15.56004,15.74003,14.27999,14.52996,11588600,11.65563
2011-08-05,15.59995,16.16002,15.47996,15.81999,8936400,12.69047
2011-08-04,16.39004,16.50005,16.23998,16.40001,4863300,13.15575
2011-08-03,16.15004,16.46001,15.98003,16.29998,6578500,13.0755
2011-08-02,16.97006,16.97006,16.18996,16.47997,11527100,13.21989
2011-08-01,17.00,17.16004,16.81002,17.05002,10822300,13.67717
2011-07-29,16.81002,17.19995,16.58001,16.98004,18061700,13.62103
2011-07-28,16.24996,17.76002,16.16002,16.88998,25822800,13.54879
2011-07-27,16.05,16.59997,15.89995,16.46001,12173800,13.20388
2011-07-26,16.22002,16.66995,15.83995,16.28002,13777500,13.05949
2011-07-25,16.29,16.36995,15.50004,15.75001,9306100,12.63433
2011-07-22,16.29,16.48995,16.11998,16.27004,5722600,13.05149
2011-07-21,16.79007,16.87002,16.23,16.28002,8617000,13.05949
2011-07-20,17.01996,17.10004,16.60995,16.76998,11081900,13.45253
2011-07-19,16.40999,17.07995,16.40999,16.93002,14091700,13.58091
2011-07-18,16.70001,17.12,16.51003,16.59997,15764500,13.31615
2011-07-15,16.11,16.80004,16.02007,16.68005,23962600,13.38039
2011-07-14,16.00996,16.25994,15.87999,16.10002,10314200,12.9151
2011-07-13,15.80003,16.08006,15.75999,16.05998,6926600,12.88298
2011-07-12,16.10002,16.10002,15.75999,15.79005,7512900,12.66645
2011-07-11,15.89995,16.24996,15.80003,16.20006,7337500,12.99535
2011-07-08,15.99,16.15004,15.75999,15.91005,6285900,12.76271
2011-07-07,16.39004,16.40001,16.02007,16.05998,10843100,12.88298
2011-07-06,16.16002,16.58999,15.88997,16.39004,15145600,13.14774
2011-07-05,16.85006,16.99002,16.24996,16.29998,17530800,13.0755
2011-07-04,15.99998,16.30995,15.87999,16.30995,12071100,13.08351
2011-07-01,16.05998,16.18996,15.82997,15.86003,7510100,12.72258
2011-06-30,15.64997,15.94996,15.61006,15.89995,6811600,12.7546
2011-06-29,15.92003,16.16002,15.63999,15.65995,7888900,12.56209
2011-06-28,16.04002,16.04002,15.74003,15.89995,7271300,12.7546
2011-06-27,15.87999,16.20006,15.81001,16.04002,12255800,12.86697
2011-06-24,15.54993,16.10002,15.45002,15.87999,12324500,12.73859
2011-06-23,15.52998,15.63001,15.05997,15.59995,7437800,12.51396
2011-06-22,15.23996,15.74003,15.09003,15.53995,9804800,12.46583
2011-06-21,15.04999,15.17996,14.81,15.14005,4254500,12.14503
2011-06-20,14.90005,15.16001,14.71994,14.98999,3738900,12.02466
2011-06-17,14.99997,15.39002,14.87997,14.90005,4784900,11.95251
2011-06-16,15.40,15.40,14.91003,15.00995,9072200,12.04067
2011-06-15,15.63001,15.99,15.59995,15.64997,7016100,12.55408
2011-06-14,15.20005,16.29,15.20005,15.75999,10821300,12.64234
2011-06-13,15.26004,15.29996,14.99997,15.15003,4494900,12.15304
2011-06-10,15.28,15.59995,14.87997,15.40,10307400,12.35356
2011-06-09,15.64997,16.17,15.51002,15.56004,12716400,12.48194
2011-06-08,15.76997,16.03004,15.39002,15.75001,9931700,12.63433
2011-06-07,15.67005,16.40001,15.58997,15.92003,12371200,12.77071
2011-06-03,15.15003,16.10002,15.10999,15.74003,16848500,12.62633
2011-06-02,14.02004,15.80003,13.87996,15.41996,21373400,12.36957
2011-06-01,14.29995,14.77993,14.17995,14.45,9298000,11.59149
2011-05-31,13.85002,14.46996,13.85002,14.22997,9410500,11.41498
2011-05-30,14.80002,14.87997,13.78004,13.80998,13527700,11.07808
2011-05-27,16.58001,16.58001,15.06995,15.06995,21679000,12.0888
2011-05-26,16.50005,17.00,15.99998,16.74005,24954900,13.42852
2011-05-25,16.20006,17.06,15.81001,16.40001,23536600,13.15575
2011-05-24,17.00998,17.17999,16.16002,16.29998,30100600,13.0755
2011-05-23,17.00,18.26994,16.72994,17.65998,55029200,14.16647
2011-05-20,15.48994,16.72994,15.29996,16.72994,24902000,13.42041
2011-05-19,15.54993,15.64997,15.18994,15.21003,4477500,12.20117
2011-05-18,15.10999,15.59995,14.99997,15.51002,6481900,12.44181
2011-05-17,15.20005,15.44004,14.80002,15.25007,4986900,12.23328
2011-05-16,15.16001,15.38004,15.11997,15.21003,3373100,12.20117
2011-05-13,14.80002,15.28,14.75,15.27002,5750600,12.24929
2011-05-12,15.50004,15.54993,14.75,14.80002,8643500,11.87226
2011-05-11,15.88997,15.91005,15.54993,15.58997,5473000,12.50595
2011-05-10,15.88997,15.93999,15.62004,15.91005,5287300,12.76271
2011-05-09,15.47996,15.87001,15.33002,15.75999,5603000,12.64234
2011-05-06,15.28,15.75001,15.10001,15.62004,7056500,12.53007
2011-05-05,15.08005,15.46998,15.08005,15.34998,5026500,12.31343
2011-05-04,15.17996,15.77995,14.85004,15.29996,9040100,12.27331
2011-05-03,15.10999,15.33002,14.93997,15.17996,3991600,12.17705
2011-04-29,14.75,15.16001,14.68002,15.03003,4029800,12.05678
2011-04-28,15.46,15.58,14.62002,14.67004,6772000,11.768
2011-04-27,16.15004,16.35,15.22,15.41996,10174500,12.36957
2011-04-26,16.10002,16.47997,16.10002,16.17,6331800,12.97124
2011-04-25,16.70001,16.70001,16.17998,16.20006,9817300,12.99535
2011-04-22,17.59,17.69004,16.64999,16.77996,20900000,13.46054
2011-04-21,16.64999,17.85993,16.63003,17.65,29154200,14.15846
2011-04-20,16.70001,16.94998,16.52999,16.72994,11743100,13.42041
2011-04-19,16.59997,17.59998,16.21004,16.97006,20579900,13.61303
2011-04-18,16.20006,16.88,15.80003,16.70001,15985800,13.3964
2011-04-15,21.30,21.46,20.70997,20.93003,8053800,12.88545
2011-04-14,20.68995,21.46,20.45996,21.27005,12707000,13.09479
2011-04-13,20.31998,20.59994,20.29996,20.58008,8244700,12.67001
2011-04-12,19.90004,20.38004,19.72995,20.15998,6299400,12.41138
2011-04-11,19.72002,20.50993,19.72002,20.02,9457700,12.3252
2011-04-08,19.51005,19.79001,19.35998,19.67998,4689000,12.11587
2011-04-07,19.79994,19.79994,19.15994,19.35005,7404100,11.91275
2011-04-06,19.40002,19.99998,19.38993,19.70,7362500,12.12819
2011-03-31,19.85007,19.86993,18.60002,19.17996,11329100,11.80803
2011-03-30,20.29996,20.75001,19.79994,19.92006,11623200,12.26367
2011-03-29,21.41003,21.91005,20.54004,20.59994,11728300,12.68224
2011-03-28,21.46,21.87994,21.32995,21.50004,10383500,13.23638
2011-03-25,21.50004,21.91005,21.37992,21.46,11196500,13.21173
2011-03-24,20.77003,22.78997,20.77003,21.71001,21146300,13.36564
2011-03-23,20.77996,20.98993,20.68002,20.89992,7437300,12.86692
2011-03-22,20.79998,20.98993,20.31005,20.89992,8192900,12.86692
2011-03-21,20.97007,21.00995,20.40006,20.72006,8941000,12.75619
2011-03-18,20.86004,21.29007,20.68002,21.00995,8412300,12.93466
2011-03-17,21.39994,21.89003,20.68002,20.84995,14036800,12.83615
2011-03-16,21.68006,21.93007,21.41996,21.59998,15159500,13.2979
2011-03-15,22.60002,22.85996,21.45007,21.93007,24060400,13.50112
2011-03-14,21.50004,22.96006,21.41003,22.67994,27313800,13.96277
2011-03-11,22.10993,22.44995,21.50004,21.84006,23048000,13.44571
2011-03-10,21.45007,22.32006,21.16002,21.75005,15371900,13.39029
2011-03-09,21.48995,22.19001,21.30,21.62993,16489200,13.31634
2011-03-08,21.09003,21.89003,20.66,21.70008,16291800,13.35953
2011-03-07,21.27998,21.43998,21.00995,21.14993,11885700,13.02083
2011-03-04,21.20006,21.48995,20.82993,21.39994,11625600,13.17475
2011-03-03,22.10,22.14004,21.22008,21.30,22260200,13.11322
2011-03-02,21.00002,23.12999,20.79998,22.39998,34328100,13.79042
2011-03-01,20.98993,21.87994,20.93996,21.23001,25173700,13.07013
2011-02-28,20.59994,20.88006,20.01007,20.49007,17483200,12.6146
2011-02-25,21.30,21.98997,20.61003,20.79998,42844500,12.80539
2011-02-24,18.55005,20.59001,18.42,20.59001,18456600,12.67612
2011-02-23,18.66008,18.87998,18.30997,18.71998,10495400,11.52485
2011-02-22,19.76999,19.76999,18.62004,18.66008,16904200,11.48797
2011-02-21,19.47001,19.86993,19.06,19.79994,18874200,12.18972
2011-02-17,19.35005,19.49996,18.80006,19.30008,15293200,11.88199
2011-02-16,18.80006,19.49003,18.66008,19.30008,14147100,11.88199
2011-02-15,18.51994,19.28006,18.51001,18.80999,17902300,11.58026
2011-02-14,18.39998,18.94997,18.30997,18.62004,14577600,11.46332
2011-02-11,18.28995,18.64999,18.00006,18.46004,14361200,11.36482
2011-02-10,17.55994,18.46997,17.32995,18.32006,14100600,11.27864
2011-02-09,17.36006,18.16006,17.36006,17.66004,8370800,10.8723
2011-02-01,17.80002,18.03001,17.50997,17.77007,9441200,10.94004
2011-01-31,17.87994,18.07005,17.50004,17.82997,11759000,10.97692
2011-01-28,17.07001,18.39998,17.00002,18.09007,16763500,11.13705
2011-01-27,17.30,17.59005,16.50,17.23994,12208800,10.61367
2011-01-26,16.82993,17.27005,16.65007,17.20006,7074100,10.58912
2011-01-25,16.57992,17.04006,16.50993,16.82993,6175100,10.36125
2011-01-24,17.39994,17.45007,16.50,16.70004,10414300,10.28129
2011-01-21,17.50004,17.87001,17.04999,17.32995,10384500,10.66909
2011-01-20,18.85003,18.85996,17.50004,17.57003,10100900,10.81689
2011-01-19,18.05996,18.94997,17.89996,18.92995,9031100,11.65412
2011-01-18,18.00006,18.37003,17.87994,18.17992,5365700,11.19237
2011-01-17,18.60002,18.85003,17.82004,18.07005,9276500,11.12473
2011-01-14,19.44999,19.44999,18.78004,18.96006,8115900,11.67265
2011-01-13,19.81996,19.90004,19.40002,19.47994,6771500,11.99271
2011-01-12,19.40002,19.85007,19.06,19.81996,9055400,12.20205
2011-01-11,19.56002,19.78008,19.10004,19.31001,10699000,11.8881
2011-01-10,21.11998,21.13007,19.88002,19.88995,14042700,12.24514
2011-01-07,21.59998,22.09007,21.14993,21.23994,11984900,13.07625
2011-01-06,21.75998,22.10,21.00002,21.66004,14380900,13.33488
2011-01-05,21.39994,22.60002,21.20006,21.75998,23385800,13.39641
2011-01-04,21.16002,21.57996,20.72006,21.37992,15735700,13.16243
2010-12-31,21.00995,21.25996,20.58008,21.25003,14718600,13.08246
2010-12-30,20.29996,20.98993,20.29996,20.98993,14733200,12.92233
2010-12-29,20.18993,20.65007,19.79994,20.36995,11761900,12.54064
2010-12-28,20.68995,20.79005,19.99005,20.09992,16675000,12.3744
2010-12-27,22.60002,23.15994,20.70004,20.91994,20691900,12.87924
2010-12-24,22.99994,23.67005,22.60995,22.69003,13978600,13.96899
2010-12-23,23.29992,23.40995,22.60002,22.67994,15884100,13.96277
2010-12-22,23.46008,23.86993,22.99994,23.42997,13213500,14.42453
2010-12-21,23.58004,23.90004,23.22993,23.63994,14157000,14.55379
2010-12-20,24.70004,24.88006,22.90,23.44999,32054600,14.43685
2010-12-17,25.29007,25.93006,24.59994,24.86997,28659500,15.31105
2010-12-16,24.40999,26.85002,24.40999,25.68998,43919400,15.81589
2010-12-15,25.00002,25.25003,24.52995,24.72999,22628100,15.22488
2010-12-14,24.99009,25.73995,24.56999,25.11005,28047300,15.45886
2010-12-13,24.70004,25.25003,24.31005,25.00002,30925300,15.39112
2010-12-10,23.40002,25.48001,23.10997,24.68995,42535600,15.20022
2010-12-09,23.03005,24.43994,22.34008,23.90004,33462200,14.71392
2010-12-08,23.19998,24.45003,23.10004,23.49996,27678200,14.46762
2010-12-07,23.35998,23.65003,22.73007,23.47994,28304800,14.45529
2010-12-06,23.10004,25.23994,22.64999,23.97003,52527000,14.75701
2010-12-03,24.24006,24.24006,22.67994,22.99994,42895400,14.15978
2010-12-02,24.50,25.48001,24.22004,24.47005,43286700,15.06484
2010-12-01,24.18,25.05992,23.99005,24.35009,38119900,14.99099
2010-11-30,26.23004,26.39997,23.76006,24.54997,74612100,15.11405
2010-11-29,26.35,27.19997,25.89996,26.39997,58153600,16.25299
2010-11-26,26.09999,27.51004,25.09996,27.40001,91016800,16.86866
2010-11-25,27.24001,27.24001,24.02993,25.00995,102310300,15.39723
2010-11-24,23.76999,24.75994,23.40002,24.75994,16846700,15.24331
2010-11-23,20.89992,22.51001,20.20995,22.51001,47813000,13.85816
2010-11-22,19.17996,20.45996,19.17003,20.45996,58784100,12.59606
2010-11-19,16.95998,18.60002,16.79998,18.60002,76790900,11.451
2010-11-18,16.91001,16.91001,16.91001,16.91001,000,10.41055
2010-11-17,16.91001,16.91001,16.10008,16.91001,41215900,10.41055
2010-11-16,16.00999,16.47998,14.99999,15.37,15805100,9.46245
2010-11-15,15.70,16.08006,15.53,15.99001,13369400,9.84416
2010-11-12,17.50004,17.50997,15.76,15.76,22959300,9.70256
2010-11-11,17.94993,18.19001,17.50004,17.50997,18040800,10.77992
2010-11-10,18.14997,18.48999,17.89996,18.03001,17791300,11.10007
2010-11-09,18.30004,18.33992,17.77007,18.14997,17764000,11.17393
2010-11-08,17.59998,18.28995,17.59998,18.26,24205200,11.24167
2010-11-05,17.39994,17.78993,17.07994,17.66997,19400000,10.87842
2010-11-04,17.48002,17.69992,16.86997,17.32002,18699000,10.66297
2010-11-03,17.62,18.07998,17.41996,17.43998,20064500,10.73683
2010-11-02,17.04999,17.84999,17.00002,17.41003,27055900,10.71839
2010-11-01,16.72006,17.23001,16.66,17.05992,15038400,10.50284
2010-10-29,16.86997,17.46993,16.70004,16.75001,15280500,10.31205
2010-10-28,16.86997,17.46993,16.70004,17.00002,13024500,10.46597
2010-10-27,17.55001,18.00006,16.93996,17.00002,30391200,10.46597
2010-10-26,16.27994,17.25996,16.13004,17.23001,32917400,10.60756
2010-10-25,16.13996,16.36995,16.02994,16.27001,18350100,10.01654
2010-10-22,16.36002,16.56999,16.04003,16.20002,19991900,9.97345
2010-10-21,16.20002,16.84995,15.82,16.59001,29054300,10.21355
2010-10-20,15.73,16.86997,15.62001,16.47998,20515200,10.14581
2010-10-19,15.33,16.26008,15.28,16.08999,18131800,9.90571
2010-10-18,15.84,15.84,14.79001,15.33,23969900,9.43783
2010-10-15,15.78,16.57992,15.68999,16.02,17197400,9.86262
2010-10-14,16.95005,16.95005,15.98,15.99001,23051000,9.84416
2010-10-13,16.95005,17.36999,16.47005,17.14,17641200,10.55215
2010-10-12,17.00995,17.55001,16.82993,16.98993,15434600,10.45976
2010-10-11,17.38008,17.38008,16.77003,17.25996,23457000,10.626
2010-10-08,17.48002,17.77007,17.07994,17.46,13896500,10.74915
2010-10-07,17.27998,17.27998,17.27998,17.27998,000,10.63832
2010-10-06,17.27998,17.27998,17.27998,17.27998,000,10.63832
2010-10-05,17.27998,17.27998,17.27998,17.27998,000,10.63832
2010-10-04,17.27998,17.27998,17.27998,17.27998,000,10.63832
2010-10-01,17.27998,17.27998,17.27998,17.27998,000,10.63832
2010-09-30,17.00002,17.38008,16.59994,17.27998,14966300,10.63832
2010-09-29,17.80002,17.96995,17.09996,17.14,12062000,10.55215
2010-09-28,18.17992,18.35001,17.59998,17.80002,12926300,10.95848
2010-09-27,17.60991,18.37996,17.52999,18.19994,14680100,11.20469
2010-09-24,17.59998,17.59998,17.59998,17.59998,000,10.83533
2010-09-23,17.59998,17.59998,17.59998,17.59998,000,10.83533
2010-09-22,17.59998,17.59998,17.59998,17.59998,000,10.83533
2010-09-21,17.20999,17.94993,17.09996,17.59998,14924900,10.83533
2010-09-20,17.41003,17.75005,16.90008,17.14,13183200,10.55215
2010-09-17,17.39994,17.84999,17.14993,17.57996,14866300,10.823
2010-09-16,17.98997,18.21996,17.02997,17.29007,19901100,10.64454
2010-09-15,18.25007,18.73007,17.75005,18.00006,19261700,11.08164
2010-09-14,18.80006,18.80999,18.19994,18.32999,22179900,11.28476
2010-09-13,19.19998,19.19998,18.55998,18.87005,17903800,11.61724
2010-09-10,18.10993,18.99001,17.89996,18.80006,27355600,11.57415
2010-09-09,18.42,19.22993,18.05003,18.16006,29984100,11.18014
2010-09-08,17.66997,18.14997,17.50004,18.09007,19585200,11.13705
2010-09-07,16.88999,18.28995,16.70004,17.84006,33165100,10.98313
2010-09-06,17.25996,17.45007,16.66,16.91001,17029500,10.41055
2010-09-03,17.07994,17.46993,16.59994,17.07994,29579700,10.51517
2010-09-02,16.22004,17.62993,15.99001,17.05992,44506400,10.50284
2010-09-01,16.50,16.68002,15.68,16.02994,38347100,9.86874
2010-08-31,14.90001,16.48991,14.81,16.48991,48726300,10.15192
2010-08-30,14.81,15.25,14.71001,14.99,19050700,9.22851
2010-08-27,14.19999,14.88,14.19999,14.80,19863800,9.11154
2010-08-26,14.06,14.35999,13.83001,14.31001,13615100,8.80988
2010-08-25,14.27999,14.48,14.00,14.01,14610400,8.62518
2010-08-24,14.33,14.63001,14.06,14.38,15991200,8.85296
2010-08-23,14.45,14.72,14.19999,14.33,17770700,8.82218
2010-08-20,15.10,15.25,14.42001,14.43999,26126700,8.8899
2010-08-19,15.22001,15.47999,15.07999,15.25,19362000,9.38858
2010-08-18,14.70,15.46001,14.66001,15.30001,32441800,9.41936
2010-08-17,14.75,14.87001,14.51,14.71001,24591500,9.05613
2010-08-16,14.02001,14.90001,13.79,14.70,43989600,9.04997
2010-08-13,14.16,14.37,13.69,13.95999,23597300,8.59439
2010-08-12,14.00,14.27,13.50,14.15001,27973900,8.71137
2010-08-11,14.10001,14.40,13.85,14.17,21495000,8.72368
2010-08-10,13.95999,14.46,13.81,14.14,38685200,8.70521
2010-08-09,13.60,14.10001,13.50999,13.95999,26362500,8.59439
2010-08-06,13.52,13.64,13.25,13.60,16185800,8.37276
2010-08-05,13.25,13.77,13.20,13.61,25738400,8.37892
2010-08-04,13.62001,13.79999,12.94,13.37,34095700,8.23116
2010-08-03,14.16,14.19999,13.58,13.58,30877000,8.36045
2010-08-02,14.18001,14.34001,14.05,14.16,27008600,8.71752
2010-07-30,13.66,14.35,13.57001,14.15001,44267900,8.71137
2010-07-29,13.53,13.82,13.33001,13.77,36249400,8.47742
2010-07-28,13.45,13.87,13.39999,13.62001,41839600,8.38508
2010-07-27,14.19999,14.21,13.47,13.58,47541200,8.36045
2010-07-26,14.30,14.55001,14.03,14.35,19047500,8.8345
2010-07-23,14.18001,14.55001,13.92,14.16,23478800,8.71752
2010-07-22,13.77,14.64,13.77,14.30,42254100,8.80371
2010-07-21,13.89,14.23001,13.60,13.87,30846900,8.53899
2010-07-20,14.08,14.49,13.61,14.02001,61830300,8.63134
2010-07-19,13.05,14.29,12.91,14.19,42193600,8.73599
2010-07-16,13.25,13.46001,12.70999,13.10,29088100,8.06494
2010-07-15,13.50,13.83001,13.18,13.38001,29597000,8.23733
2010-07-14,13.39,13.94001,13.15999,13.50,45390200,8.3112
2010-07-13,12.40,13.58999,12.37001,13.55,44793600,8.34198
2010-07-12,12.57,13.28,12.30,12.37001,42758700,7.61552
2010-07-09,11.53999,12.70,11.53999,12.57,35830100,7.73865
2010-07-08,11.89001,11.95,11.50,11.60001,18447000,7.14148
2010-07-07,11.85,12.09,11.58,12.00,20053000,7.38773
2010-07-06,11.48,12.12,11.37999,11.81001,31085200,7.27076
2010-07-05,10.99,11.65001,10.64001,11.53999,22074500,7.10453
2010-07-02,11.50,11.58,10.62,11.16,25175900,6.87059
2010-07-01,10.95,11.94001,10.89999,11.57001,32544000,7.12301
2010-06-30,10.40001,11.28001,10.25999,11.05,24848300,6.80287
2010-06-29,11.13,11.16,10.38,10.41,26094900,6.40886
2010-06-28,11.37999,11.37999,10.95,11.08,10594100,6.82134
2010-06-25,11.05999,11.48,10.89999,11.29999,19169100,6.95678
2010-06-24,10.35,11.48,10.35,11.18,28396400,6.8829
2010-06-23,10.40001,10.67,10.22,10.44,7822300,6.42733
2010-06-22,10.40001,10.70,10.30,10.47,8790500,6.44579
2010-06-21,9.58,10.57999,9.58,10.40001,12633900,6.4027
2010-06-18,10.77001,10.77001,9.80,9.98,18836100,6.14413
2010-06-17,10.87,11.36,10.85001,10.89,14673900,6.70437
2010-06-16,10.87,10.87,10.87,10.87,000,6.69205
2010-06-15,10.87,10.87,10.87,10.87,000,6.69205
2010-06-14,10.87,10.87,10.87,10.87,000,6.69205
2010-06-11,11.33001,11.34,10.86,10.87,17678200,6.69205
2010-06-10,11.25001,11.45999,11.11,11.15,13072300,6.86444
2010-06-09,11.25001,11.39,11.13999,11.34,17684600,6.98141
2010-06-08,11.02,11.40,11.00,11.21999,19307300,6.90752
2010-06-07,10.84,11.65001,10.81,11.29,40942300,6.95062
2010-06-04,10.40001,10.89999,10.33,10.73,25041300,6.60586
2010-06-03,10.55,10.95,10.41999,10.49999,20860800,6.46426
2010-06-02,10.25,10.46,9.93,10.46,13323000,6.43964
2010-06-01,9.98,10.40001,9.80,10.28,18235800,6.32882
2010-05-31,10.51,10.75,10.09999,10.09999,16160900,6.218
2010-05-28,10.81999,11.00,10.55,10.65,17257100,6.55661
2010-05-27,10.29001,10.85001,10.12,10.72001,19422400,6.59971
2010-05-26,10.41,10.49999,10.00001,10.31,16754900,6.34729
2010-05-25,9.90,10.70,9.82,10.46,27964900,6.43964
2010-05-24,9.60001,10.20,9.60001,10.01,13604000,6.1626
2010-05-21,8.60,9.55,8.52999,9.40,12921400,5.78706
2010-05-20,9.24999,9.48,8.90,8.97,10338300,5.52233
2010-05-19,8.72001,9.24999,8.68,9.14,14260200,5.62699
2010-05-18,8.38,8.88001,8.20,8.84999,10602500,5.44845
2010-05-17,9.00999,9.08,8.36,8.39,9835600,5.16525
2010-05-14,8.70,9.28001,8.60,9.15,13024100,5.63315
2010-05-13,8.76999,8.97,8.15,8.88001,13929500,5.46693
2010-05-12,9.50,9.59,8.76,8.76999,15635300,5.3992
2010-05-11,9.79,9.93999,9.58,9.69999,14398700,5.97175
2010-05-10,9.79,10.19,9.48,9.59,15186500,5.90403
2010-05-07,9.50,10.03,9.32,9.80,14444800,6.03331
2010-05-06,10.52,10.64001,9.72999,9.76001,19218200,6.00869
2010-05-05,10.20,10.65,10.15,10.56001,17403400,6.50121
2010-05-04,9.85,10.56001,9.69999,10.31,14561600,6.34729
2010-05-03,10.00001,10.00001,10.00001,10.00001,000,6.15645
2010-04-30,10.62,10.65,9.77,10.00001,20579100,6.15645
2010-04-29,11.02,11.17001,10.49999,10.65,23870500,6.55661
2010-04-28,10.30,11.19,10.23,11.01001,24764500,6.77825
2010-04-27,10.75,10.75,10.16001,10.44,18667800,6.42733
2010-04-26,10.72001,10.89,10.45001,10.75,17705600,6.61818
2010-04-23,10.65999,11.21999,10.63,10.70,29325600,6.5874
2010-04-22,10.57999,10.94,10.45001,10.73999,43121100,6.61202
2010-04-21,9.66,10.65,9.53999,10.65,51648600,6.55661
2010-04-20,9.43,9.77,9.05999,9.68001,13899500,5.95944
2010-04-19,9.99,9.99,9.44001,9.44001,21863200,5.81169
2010-04-16,10.21001,10.21001,10.21001,10.21001,000,6.28573
2010-04-15,10.01999,10.45001,9.90,10.21001,28461500,6.28573
2010-04-14,9.80,10.09,9.71,10.05001,15123800,6.18723
2010-04-13,10.09999,10.40001,9.58,9.89001,26709600,6.08873
2010-04-12,10.01,10.17999,9.84001,10.09999,20367700,6.218
2010-04-09,9.72999,10.09999,9.68001,10.00001,21404600,6.15645
2010-04-08,9.44001,9.84001,9.37,9.75,20803100,6.00253
2010-04-07,9.52001,9.61,9.36001,9.43,13123300,5.80552
2010-04-06,9.51,9.64999,9.36001,9.50,21162100,5.84862
2010-04-05,9.42,9.42,9.42,9.42,000,5.79937
2010-04-02,9.14,9.56999,9.03,9.42,21184300,5.79937
2010-04-01,9.13,9.16,9.03,9.12001,13248400,5.61468
2010-03-31,9.02,9.14,8.94,9.12001,9962500,5.61468
2010-03-30,9.00,9.08999,8.88001,9.02,7769800,5.55311
2010-03-29,9.02,9.32,8.91001,8.95,11955200,5.51002
2010-03-26,11.46,11.83,11.35999,11.75001,11086500,5.54173
2010-03-25,11.63999,11.67,11.21,11.35999,10004600,5.35778
2010-03-24,11.70999,11.84999,11.53,11.63,9400100,5.48513
2010-03-23,11.65001,11.94999,11.60999,11.75001,14720300,5.54173
2010-03-22,11.35,11.66,11.30001,11.59,10081700,5.46626
2010-03-19,11.35,11.39999,11.20001,11.35999,7428500,5.35778
2010-03-18,11.35999,11.45,11.22999,11.29,6979900,5.32477
2010-03-17,11.11,11.42999,11.10001,11.39,6816300,5.37193
2010-03-16,10.77,11.27001,10.77,11.18,8036200,5.27289
2010-03-15,11.08,11.10001,10.59999,10.89001,7434600,5.13612
2010-03-12,11.69,11.75001,11.08,11.08,14301700,5.22573
2010-03-11,11.77999,11.98,11.56,11.66,9426900,5.49928
2010-03-09,11.51001,11.98999,11.44001,11.98,13600900,5.6502
2010-03-08,11.51001,11.79001,11.44001,11.60999,9526600,5.47569
2010-03-05,11.70,11.77999,11.41001,11.51001,13619700,5.42853
2010-03-04,12.39,12.39,11.60,11.60999,25043500,5.47569
2010-03-03,12.52,12.55001,12.25,12.43999,14901000,5.86715
2010-03-02,12.22,12.67999,12.11,12.60,23293200,5.94261
2010-03-01,12.10001,12.39999,12.01999,12.22,18548200,5.76339
2010-02-26,12.15,12.74,12.08,12.15,21858600,5.73038
2010-02-25,12.29999,12.50,12.12999,12.27001,20448200,5.78698
2010-02-24,11.80,12.39999,11.76,12.35,21149500,5.82471
2010-02-23,11.80,12.08999,11.48001,12.00001,18924300,5.65963
2010-02-22,11.60,12.18999,11.41001,11.83,20052100,5.57946
2010-02-18,11.59,11.84,11.28,11.55,13987000,5.4474
2010-02-17,11.59,11.84,11.28,11.55,13987000,5.4474
2010-02-16,11.59,11.84,11.28,11.55,13987000,5.4474
2010-02-15,11.59,11.84,11.28,11.55,13987000,5.4474
2010-02-12,11.59,11.84,11.28,11.55,13987000,5.4474
2010-02-11,11.77,11.96001,11.32999,11.55,22924700,5.4474
2010-02-10,11.77,11.98999,11.56,11.77,21915300,5.55115
2010-02-09,11.08,12.14,11.01,11.82001,38937400,5.57474
2010-02-08,11.35,11.66,11.04999,11.18999,19104900,5.2776
2010-02-05,10.89001,11.70,10.77999,11.35,42972100,5.35307
2010-02-04,10.25,11.42,10.10,11.20001,35204200,5.28233
2010-02-03,10.37001,10.54001,9.90999,10.42999,19220700,4.91916
2010-02-02,11.00,11.15999,10.31,10.40001,24057400,4.90502
2010-02-01,10.87999,11.14,10.63,10.97999,25896100,5.17856
2010-01-29,10.42,11.15999,10.30001,10.90,29190700,5.14083
2010-01-28,9.97999,10.49999,9.90,10.49999,15903300,4.95217
2010-01-27,10.28,10.70,10.04999,10.30001,28009700,4.85785
2010-01-26,9.95001,10.40001,9.82001,10.32999,21745800,4.872
2010-01-25,10.32,10.49999,9.99001,10.02001,14799600,4.7258
2010-01-22,10.68001,10.73,10.17,10.48,23938800,4.94275
2010-01-21,10.76,11.27001,10.63,10.93,33174600,5.15498
2010-01-20,11.10001,11.30001,10.49999,10.69,44734300,5.04179
2010-01-19,10.51001,11.69,10.40001,11.25,81622000,5.3059
2010-01-18,9.61001,10.63999,9.61001,10.63999,60851300,5.0182
2010-01-15,9.79,9.80,9.59999,9.66999,10866200,4.56072
2010-01-14,9.66999,9.85001,9.48,9.80,19606000,4.62203
2010-01-13,9.41,9.79,9.41,9.66999,16083000,4.56072
2010-01-12,9.20,9.76999,9.17,9.58,25509200,4.51827
2010-01-11,9.09001,9.23001,8.90,9.17,12889500,4.3249
2010-01-08,8.83,9.10,8.79999,9.07,14478200,4.27774
2010-01-07,9.28,9.28999,8.86,8.92001,10184800,4.207
2010-01-06,9.31,9.49,9.17,9.26001,10290400,4.36735
2010-01-05,9.40001,9.40001,9.16001,9.30001,7817800,4.38622
2010-01-04,9.17999,9.37,9.11,9.30001,8615800,4.38622
2009-12-31,9.12001,9.19001,8.99,9.17,6825900,4.3249
2009-12-30,9.11,9.24,9.03,9.17,5557700,4.3249
2009-12-29,8.95001,9.16001,8.92001,9.10,5573900,4.29189
2009-12-28,8.86,9.04999,8.86,8.96,4487500,4.22586
2009-12-25,8.92001,8.97999,8.81001,8.85001,3749000,4.17398
2009-12-24,8.65,8.95001,8.54,8.95001,7298100,4.22115
2009-12-23,8.50001,8.65999,8.36001,8.65,5342700,4.07965
2009-12-22,9.03,9.07999,8.37,8.55999,7792900,4.0372
2009-12-21,8.99,9.04999,8.85001,9.04999,3795900,4.2683
2009-12-18,8.95001,9.10,8.76,8.90,6973900,4.19756
2009-12-17,9.50001,9.55,9.00999,9.07999,7970100,4.28245
2009-12-16,9.45,9.73999,9.35,9.49,9616300,4.47582
2009-12-15,9.24999,9.54001,9.20,9.45999,6811600,4.46167
2009-12-14,9.48,9.49,9.00,9.23001,6711300,4.3532
2009-12-10,9.51,9.59,9.35999,9.41,6401800,4.4381
2009-12-09,9.68001,9.69999,9.40001,9.45999,10563800,4.46167
2009-12-08,9.83,9.92001,9.64001,9.80,10999200,4.62203
2009-12-07,9.55,9.93,9.44,9.82001,13942100,4.63147
2009-12-04,9.75001,9.99001,9.21,9.44,17559500,4.45225
2009-12-03,9.59,9.97,9.48,9.87999,29419000,4.65976
2009-12-02,9.30001,9.71001,9.16001,9.59,20027100,4.52299
2009-12-01,9.04,9.30001,9.03,9.26001,10087100,4.36735
2009-11-30,8.79999,9.10,8.79999,9.10,9868800,4.29189
2009-11-27,8.83,9.04999,8.55,8.72,12237300,4.11267
2009-11-26,9.23001,9.31999,8.75,8.83999,17328900,4.16926
2009-11-25,9.20,9.35999,8.97999,9.33001,14347400,4.40037
2009-11-24,9.99001,10.04,9.03,9.12001,25698700,4.30132
2009-11-23,9.71001,9.97999,9.66,9.93,15454000,4.68335
2009-11-20,9.82001,9.96,9.66,9.72,18440300,4.5843
2009-11-19,9.65,10.14999,9.59999,9.90,32985800,4.6692
2009-11-18,9.47001,9.69,9.31,9.61001,21813800,4.53243
2009-11-17,9.45,9.58,9.28,9.45999,14099200,4.46167
2009-11-16,9.31999,9.49,9.24,9.45,19307800,4.45696
2009-11-13,9.04,9.33001,8.96,9.30001,17249400,4.38622
2009-11-12,9.10,9.35999,9.06,9.11,16974000,4.2966
2009-11-11,9.09001,9.14999,8.95001,9.04,8640200,4.26359
2009-11-10,9.06,9.28,8.97999,9.10,19449600,4.29189
2009-11-09,8.96,9.11,8.76999,9.07,14387300,4.27774
2009-11-06,9.14999,9.30001,8.89,8.93999,17688300,4.21642
2009-11-05,9.10,9.28,8.90,9.16001,17492400,4.32019
2009-11-04,8.88001,9.21999,8.78001,9.20,21055000,4.33905
2009-11-03,8.95001,9.03,8.72,8.88001,15703100,4.18813
2009-11-02,8.34999,9.10,8.20,8.89,24427900,4.19285
2009-10-30,8.21,8.57001,8.16,8.44,12161800,3.98061
2009-10-29,8.14999,8.43001,8.13,8.14999,8077700,3.84383
2009-10-28,8.38999,8.48,8.10,8.29001,6480500,3.90987
2009-10-27,8.59,8.59,8.20,8.31,10748400,3.91929
2009-10-26,8.41999,8.65,8.34999,8.59,12782300,4.05135
2009-10-23,8.41,8.52,8.33001,8.40001,8283700,3.96175
2009-10-22,8.45,8.52999,8.30,8.34999,5828800,3.93816
2009-10-21,8.30,8.81001,8.20,8.55,16315600,4.03249
2009-10-20,8.24,8.37,8.17999,8.31999,8808500,3.92401
2009-10-19,8.07,8.24,8.00,8.23,7605600,3.88157
2009-10-16,8.14,8.21,7.86999,8.10,7462900,3.82025
2009-10-15,8.07999,8.27999,7.96,8.14999,8018200,3.84383
2009-10-14,8.00,8.10999,7.93,7.96999,6690500,3.75894
2009-10-13,7.79999,7.96999,7.75,7.96999,4714200,3.75894
2009-10-12,7.93,7.95001,7.74001,7.79999,5835900,3.67876
2009-10-09,7.62,7.95001,7.55,7.93,6514600,3.74007
2009-10-08,7.50001,7.50001,7.50001,7.50001,000,3.53727
2009-10-07,7.50001,7.50001,7.50001,7.50001,000,3.53727
2009-10-06,7.50001,7.50001,7.50001,7.50001,000,3.53727
2009-10-05,7.50001,7.50001,7.50001,7.50001,000,3.53727
2009-10-02,7.50001,7.50001,7.50001,7.50001,000,3.53727
2009-10-01,7.50001,7.50001,7.50001,7.50001,000,3.53727
2009-09-30,7.39001,7.64,7.39001,7.50001,4979100,3.53727
2009-09-29,7.68,7.77001,7.27999,7.39001,6599300,3.48539
2009-09-28,8.00,8.27,7.68,7.69,7017700,3.62688
2009-09-25,8.17,8.24,8.00,8.03,6010100,3.78724
2009-09-24,8.31999,8.38999,7.89999,8.14,15625000,3.83911
2009-09-23,8.90999,9.11,8.37,8.41999,20973000,3.97117
2009-09-22,9.40001,9.59,8.97,9.02001,39849700,4.25416
2009-09-21,8.29001,9.23001,8.26001,9.23001,50521700,4.3532
2009-09-18,8.58,8.72999,8.27,8.38999,18634600,3.95702
2009-09-17,8.23,8.55999,8.20,8.50001,17812100,4.00891
2009-09-16,8.27,8.38999,8.05001,8.23,8214900,3.88157
2009-09-15,8.34999,8.45999,8.24999,8.31999,10585100,3.92401
2009-09-14,8.20,8.51,8.14999,8.33001,12948600,3.92873
2009-09-11,8.00999,8.38,8.00,8.31,10388400,3.91929
2009-09-10,8.14999,8.24999,7.96999,8.00999,11017300,3.7778
2009-09-09,8.30,8.59999,8.07999,8.27,15569700,3.90043
2009-09-08,8.50001,8.75,8.31,8.44,30608600,3.98061
2009-09-07,7.79,8.31999,7.79,8.31999,15124300,3.92401
2009-09-04,7.55999,7.55999,7.55999,7.55999,000,3.56556
2009-09-03,7.34999,7.57001,7.23,7.55999,6204200,3.56556
2009-09-02,7.26,7.37999,7.13999,7.24,3502600,3.41464
2009-09-01,7.24999,7.50001,7.10999,7.27999,4277800,3.43351
2009-08-31,7.82,7.82,7.27,7.30,7522500,3.44294
2009-08-28,8.14999,8.14999,7.69999,7.84001,7428700,3.69763
2009-08-27,7.79999,8.38,7.75,8.19001,14263800,3.8627
2009-08-26,7.46001,7.82,7.41,7.82,8485600,3.68819
2009-08-25,7.81001,7.86,7.30,7.53001,9224200,3.55142
2009-08-24,7.72999,7.89,7.58,7.81001,8595300,3.68348
2009-08-21,7.50001,7.69,7.36001,7.69,7316200,3.62688
2009-08-20,7.29001,7.54,7.29001,7.44999,5770100,3.51369
2009-08-19,7.79,7.95001,7.20999,7.29001,8305700,3.43823
2009-08-18,7.54,7.79,7.47,7.72999,6497600,3.64574
2009-08-17,8.00999,8.17999,7.55999,7.57001,9165100,3.57029
2009-08-14,8.79999,8.90999,7.98001,8.07999,12961000,3.81081
2009-08-13,9.00999,9.13,8.68,8.86999,8711200,4.18341
2009-08-12,9.76999,9.80,8.88001,9.00,16391000,4.24472
2009-08-11,9.96,10.09001,9.73,9.86,23399900,4.65033
2009-08-10,9.59999,10.06001,9.50001,9.97999,27653100,4.70692
2009-08-07,9.54001,9.78001,9.41,9.50001,20274000,4.48055
2009-08-06,9.52999,9.64001,9.17999,9.52,14392100,4.48997
2009-08-05,9.34,9.75001,9.34,9.55,21480100,4.50412
2009-08-04,9.31,9.34,9.00,9.34,11762600,4.40508
2009-08-03,9.17,9.37,9.14999,9.31,11705700,4.39093
2009-07-31,8.90,9.17,8.81001,9.17,10947700,4.3249
2009-07-30,9.00,9.14999,8.41999,8.90999,17392000,4.20227
2009-07-29,9.76,9.89,8.79999,8.96,21659800,4.22586
2009-07-28,9.95001,10.00,9.64001,9.78001,18180200,4.6126
2009-07-27,9.97,10.17,9.80,9.93,21026600,4.68335
2009-07-24,9.69999,10.20001,9.61001,9.89,34771800,4.66448
2009-07-23,9.19001,10.03,9.11,9.78001,40427500,4.6126
2009-07-22,9.07999,9.17999,9.06,9.12001,10627600,4.30132
2009-07-21,9.38,9.42999,9.00,9.04999,17047400,4.2683
2009-07-20,9.24999,9.38999,9.21999,9.35999,16115100,4.41451
2009-07-17,9.31999,9.49,9.13,9.24999,12942400,4.36263
2009-07-16,9.51,9.54001,9.34,9.37,14067400,4.41923
2009-07-15,9.33001,9.69999,9.24999,9.50001,26089400,4.48055
2009-07-14,9.17999,9.35999,9.09001,9.31,16065200,4.39093
2009-07-13,9.06,9.28999,9.00999,9.14,13362600,4.31075
2009-07-10,9.14,9.16001,9.00,9.07,12384900,4.27774
2009-07-09,8.90,9.14999,8.90,9.14999,16414600,4.31547
2009-07-08,8.86999,8.96,8.75,8.90,9109500,4.19756
2009-07-07,8.76,8.90,8.68,8.86,12430300,4.17869
2009-07-06,8.92001,8.93999,8.67001,8.76999,10638700,4.13624
2009-07-03,8.75,8.86999,8.69,8.86,12645500,4.17869
2009-07-02,8.65,8.76999,8.55999,8.76999,11445000,4.13624
2009-07-01,8.75,8.76999,8.62,8.64001,7986900,4.07494
2009-06-30,8.69,8.79999,8.62,8.72,6918200,4.11267
2009-06-29,8.74001,8.81001,8.62,8.67001,7078600,4.08909
2009-06-26,8.76,8.79,8.68,8.72999,4948700,4.11738
2009-06-25,8.79999,8.79999,8.67001,8.71001,6920300,4.10795
2009-06-24,8.72,8.85001,8.65999,8.76,6456100,4.13153
2009-06-23,8.78001,8.85001,8.62,8.72,9907000,4.11267
2009-06-22,9.35,9.35,8.79999,8.85001,17788400,4.17398
2009-06-19,9.24999,9.73,9.20,9.34,30677200,4.40508
2009-06-18,9.00,9.20,8.92001,9.12001,15052300,4.30132
2009-06-17,8.86,9.07,8.68,9.02001,13224600,4.25416
2009-06-16,8.67001,8.86,8.54,8.85001,10119400,4.17398
2009-06-15,8.83,8.83,8.51,8.69999,9106900,4.10323
2009-06-12,8.93,9.14999,8.81001,8.83,11143900,4.16454
2009-06-11,8.99,9.00,8.85001,8.92001,9752300,4.207
2009-06-10,8.88001,9.06,8.88001,9.00,10483700,4.24472
2009-06-09,8.90,8.95001,8.64001,8.83999,11406000,4.16926
2009-06-08,9.21999,9.26001,8.89,8.90,12175800,4.19756
2009-06-05,9.42,9.42999,9.11,9.14,13678300,4.31075
2009-06-04,9.59,9.73999,9.37,9.44,7873000,4.45225
2009-06-03,9.59999,9.75001,9.54001,9.57001,8093300,4.51356
2009-06-02,9.40001,9.68001,9.31999,9.55999,9270800,4.50884
2009-06-01,9.30001,9.45,9.30001,9.35999,6613700,4.41451
2009-05-29,9.31,9.31,9.31,9.31,000,4.39093
2009-05-28,9.31,9.31,9.31,9.31,000,4.39093
2009-05-27,9.38999,9.48,9.21999,9.31,5149000,4.39093
2009-05-26,9.38,9.50001,9.20,9.38999,7727800,4.42866
2009-05-25,9.38,9.45999,9.10,9.38999,6230600,4.42866
2009-05-22,9.27,9.55999,9.21999,9.52999,6539700,4.49469
2009-05-21,9.69999,9.78001,9.24,9.31999,12464700,4.39564
2009-05-20,9.75001,9.93999,9.68001,9.75001,8168700,4.59845
2009-05-19,9.80999,9.89,9.66999,9.69,10140200,4.57015
2009-05-18,10.00,10.04999,9.61001,9.76999,10082400,4.60788
2009-05-15,10.03,10.25,9.87999,10.09001,15614300,4.75881
2009-05-14,9.69,10.02001,9.62,9.93999,14626900,4.68806
2009-05-13,9.69999,9.80,9.51,9.55999,11248900,4.50884
2009-05-12,9.95001,9.95001,9.45999,9.73999,14494800,4.59373
2009-05-11,10.56999,10.65,9.92001,9.92001,21062100,4.67863
2009-05-08,9.92001,10.52999,9.92001,10.39,30235100,4.9003
2009-05-07,10.27,10.28999,9.80,9.90,19286000,4.6692
2009-05-06,9.93999,10.27,9.82001,10.24,26483800,4.82955
2009-05-05,9.65,9.87999,9.45,9.87,17882300,4.65505
2009-05-04,9.41,9.76999,9.38,9.66,18443400,4.556
2009-05-01,9.55,9.55,9.55,9.55,000,4.50412
2009-04-30,9.80,9.96,9.45999,9.55,15666600,4.50412
2009-04-29,10.00,10.11999,9.71001,9.80999,19773800,4.62674
2009-04-28,9.48,10.28,9.00999,10.21999,32032800,4.82012
2009-04-27,9.95001,10.27,9.52,9.76,16739800,4.60317
2009-04-24,9.27,9.69999,9.24999,9.52,11605600,4.48997
2009-04-23,9.00999,9.28999,9.00,9.19001,8640800,4.33434
2009-04-22,9.85001,9.97999,9.30001,9.31,11768800,4.39093
2009-04-21,9.99001,10.09001,9.59999,9.78001,13795100,4.6126
2009-04-20,10.02001,10.18999,9.85001,10.16001,14654700,4.79183
2009-04-17,10.18,10.55,10.10,10.14999,12829500,4.7871
2009-04-16,10.72001,10.77,10.10,10.37001,21020000,4.89087
2009-04-15,10.11,10.79,9.95001,10.72001,29209600,5.05594
2009-04-14,10.03,10.38,9.80999,10.21999,19983500,4.82012
2009-04-13,10.17,10.28,9.90,10.07,21508400,4.74937
2009-04-10,9.90,10.41,9.73,10.17,20602600,4.79654
2009-04-09,9.79,9.99001,9.50001,9.93,18590500,4.68335
2009-04-08,10.20001,10.20001,10.20001,10.20001,000,4.81069
2009-04-07,10.11,10.45,10.04999,10.20001,15626800,4.81069
2009-04-06,10.00,10.00,10.00,10.00,000,4.71636
2009-04-03,10.45999,10.58001,9.90999,10.00,22262400,4.71636
2009-04-02,10.70999,10.77,10.30001,10.48,23335800,4.94275
2009-04-01,10.51001,11.10001,10.49999,10.70,25939300,5.0465
2009-03-31,10.48,10.69,10.18999,10.55,25917300,4.97576
2009-03-30,11.21,11.28,10.59999,10.75001,23913900,5.07009
2009-03-27,11.20001,11.49999,10.75001,11.15,44669400,5.25874
2009-03-26,10.00,10.93,9.87999,10.93,42913300,5.15498
2009-03-25,9.30001,10.24,9.14999,9.93999,32987900,4.68806
2009-03-24,9.42999,9.75001,9.03,9.31,27874800,4.39093
2009-03-23,9.17999,9.50001,9.00,9.42,39935900,4.44281
2009-03-20,8.26001,9.04999,8.10999,9.04999,44501700,4.2683
2009-03-19,8.30,8.62,8.16,8.23,33202900,3.88157
2009-03-18,7.55,8.07,7.55,8.07,18352200,3.8061
2009-03-17,7.08001,7.41999,7.05001,7.34,8036500,3.46181
2009-03-16,6.99999,7.10,6.88,7.08001,3871300,3.33919
2009-03-13,7.16,7.20,6.99999,7.01001,4449500,3.30617
2009-03-12,7.19,7.34999,6.94001,7.13999,6827800,3.36748
2009-03-11,7.23,7.51,7.15001,7.27999,11526400,3.43351
2009-03-10,6.99999,7.22001,6.95,7.17999,6566200,3.38634
2009-03-09,7.09,7.36001,7.02,7.13,12250800,3.36276
2009-03-06,6.89999,6.99999,6.75,6.98001,8952600,3.29202
2009-03-05,7.24999,7.30,6.91001,7.09,14617400,3.3439
2009-03-04,6.94001,7.31,6.88,7.19,11321900,3.39107
2009-03-03,6.44999,7.08001,6.40,6.89999,8873100,3.25428
2009-03-02,6.32001,6.75,6.30,6.74,6637600,3.17883
2009-02-27,6.72999,6.94001,6.34999,6.36,7965900,2.99961
2009-02-26,7.48999,7.64,6.71,6.89999,8463600,3.25428
2009-02-25,7.84001,7.89,7.15001,7.44999,10217100,3.51369
2009-02-24,8.06,8.29001,7.65999,7.71,12476600,3.63632
2009-02-23,7.98001,8.31,7.88001,8.23,8883000,3.88157
2009-02-20,8.03999,8.13,7.69999,8.06,9843300,3.80139
2009-02-19,7.96,8.12001,7.79999,8.00,7076600,3.77309
2009-02-18,7.78,8.12001,7.71,7.77001,9207500,3.66462
2009-02-17,8.65,8.65,8.03999,8.05001,16650200,3.79667
2009-02-16,8.51,8.95001,8.24999,8.69,22860800,4.09852
2009-02-12,8.41999,8.47,7.82,8.17,15930500,3.85327
2009-02-11,8.59999,8.96,8.16,8.36001,21532600,3.94288
2009-02-10,8.19001,8.85001,8.10999,8.82,17923600,4.15983
2009-02-09,7.79999,8.38999,7.60001,8.33001,18878400,3.92873
2009-02-06,7.57001,7.85,7.48,7.79999,12738200,3.67876
2009-02-05,7.89999,7.89999,7.50001,7.57001,15178100,3.57029
2009-02-04,7.69,8.05001,7.60001,7.89999,13481000,3.72592
2009-02-03,7.60001,7.75,7.43001,7.69,9552200,3.62688
2009-02-02,7.48999,7.85,7.48999,7.62,5675200,3.59386
2009-01-23,7.65,7.72,7.40,7.48999,5963900,3.53255
2009-01-22,7.69999,8.07999,7.60001,7.77001,9242500,3.66462
2009-01-21,7.41999,7.72,7.30,7.54,6790500,3.55614
2009-01-20,7.76,7.76,7.26,7.50001,12569200,3.53727
2009-01-19,6.99999,7.60001,6.99999,7.60001,16755400,3.58444
2009-01-16,6.65,7.08001,6.65,6.91001,6470100,3.25901
2009-01-15,6.58,6.88,6.51,6.61,5310600,3.11751
2009-01-14,6.36,6.65,6.30999,6.56001,5345000,3.09394
2009-01-13,6.72999,6.89999,6.33,6.44999,6773800,3.04205
2009-01-12,6.46001,6.96,6.34999,6.72999,6694400,3.17411
2009-01-09,6.23999,6.54,6.23999,6.48,6511000,3.0562
2009-01-08,6.57,6.61,6.20,6.30,8928800,2.97131
2009-01-07,6.63001,6.95,6.54,6.68,11767600,3.15053
2009-01-06,6.29,6.75999,6.20999,6.70001,12317700,3.15997
2009-01-05,5.99,6.34999,5.84,6.34999,9540800,2.99488
2009-01-02,5.89999,5.89999,5.89999,5.89999,000,2.78265
2009-01-01,5.89999,5.89999,5.89999,5.89999,000,2.78265
2008-12-31,6.13,6.30,5.78999,5.89999,13686800,2.78265
2008-12-30,5.60,6.09999,5.60,6.09,16525000,2.87226
2008-12-29,5.30,5.70001,5.28001,5.64,10320200,2.66003
2008-12-26,5.44999,5.58,5.21001,5.37999,5005600,2.5374
2008-12-25,5.30999,5.47,5.28001,5.40999,8206000,2.55155
2008-12-24,5.05,5.29,5.04001,5.28001,5689000,2.49024
2008-12-23,5.33999,5.44999,5.15,5.19,9640900,2.44779
2008-12-22,5.50,5.54999,5.21001,5.30999,13474700,2.50438
2008-12-19,5.61999,5.75999,5.54999,5.58,7790400,2.63173
2008-12-18,5.61999,5.67,5.46,5.60,8675300,2.64116
2008-12-17,5.60,5.77001,5.50,5.56001,12227500,2.6223
2008-12-16,5.25001,5.67,5.15,5.61,11562600,2.64588
2008-12-15,5.26999,5.37,5.09999,5.28001,8001800,2.49024
2008-12-12,5.36,5.46,4.99,5.19,10187900,2.44779
2008-12-11,5.30,5.70001,5.28001,5.44999,18555800,2.57041
2008-12-10,5.23,5.40999,5.02999,5.32001,8654100,2.50911
2008-12-09,5.40999,5.49001,5.16,5.19999,12328800,2.4525
2008-12-08,5.26,5.42001,5.19999,5.39,14129800,2.54212
2008-12-05,4.81,5.25001,4.71999,5.19,13799400,2.44779
2008-12-04,5.15,5.18001,4.92999,4.95,15673000,2.3346
2008-12-03,4.85,5.14001,4.81999,5.08,14405400,2.39591
2008-12-02,4.76001,5.04001,4.70,4.85,11219200,2.28743
2008-12-01,4.49001,4.94,4.45001,4.90001,13548000,2.31102
2008-11-28,4.40,4.57999,4.35001,4.52001,6556000,2.1318
2008-11-27,4.70,4.71,4.43999,4.45001,11306200,2.09878
2008-11-26,4.32,4.47999,4.21001,4.36999,5622200,2.06105
2008-11-25,4.43,4.59001,4.15,4.28001,7915600,2.01861
2008-11-24,4.50,4.85999,4.29999,4.40,12106100,2.0752
2008-11-21,4.40,4.78,4.28001,4.50,12366100,2.12236
2008-11-20,4.80001,4.95,4.61999,4.69001,11914500,2.21198
2008-11-19,4.52001,4.99999,4.40,4.90001,15427600,2.31102
2008-11-18,5.06999,5.06999,4.66001,4.66001,23612300,2.19783
2008-11-17,4.80001,5.19,4.71999,5.18001,28547300,2.44308
2008-11-14,4.33,4.71999,4.15,4.71999,25025400,2.22612
2008-11-13,4.15,4.35001,4.09999,4.29,19616200,2.02332
2008-11-12,4.09999,4.35001,4.05,4.15,21391300,1.95729
2008-11-11,3.62001,4.00001,3.56,4.00001,8099400,1.88655
2008-11-10,3.48001,3.67,3.39,3.64,7682900,1.71675
2008-11-07,3.28,3.52001,3.21001,3.39,5040800,1.59885
2008-11-06,3.35,3.39999,3.17001,3.36999,3347200,1.58941
2008-11-05,3.32,3.53,3.25,3.39999,4452800,1.60356
2008-11-04,3.43999,3.49,3.22,3.39,2858300,1.59885
2008-11-03,3.48001,3.60,3.39999,3.43999,3714900,1.62242
2008-10-31,4.05999,4.11,3.60,3.60,5199100,1.69789
2008-10-30,4.05,4.09,3.94,4.00001,2465100,1.88655
2008-10-29,4.12,4.28001,3.95,3.95,3971100,1.86296
2008-10-28,3.88999,4.18,3.88,4.11,3862800,1.93843
2008-10-27,4.09999,4.18,3.91999,3.93001,5192800,1.85353
2008-10-24,4.45001,4.47999,4.18,4.26,7480100,2.00917
2008-10-23,4.02,4.50,4.00001,4.45001,8502600,2.09878
2008-10-22,4.11,4.26999,4.09,4.14001,3112700,1.95258
2008-10-21,4.14001,4.35001,4.09999,4.19999,6506800,1.98087
2008-10-20,4.05,4.19,3.94,4.15,4151700,1.95729
2008-10-17,3.98999,4.04001,3.90001,3.98,2700800,1.87711
2008-10-16,4.01,4.15,3.86001,3.88,5303400,1.82995
2008-10-15,4.05999,4.26999,4.04001,4.15,5276000,1.95729
2008-10-14,4.33,4.40,4.02999,4.05,4616800,1.91013
2008-10-13,4.09,4.25,3.88,4.23,5603100,1.99502
2008-10-10,4.21001,4.26,4.02999,4.15,4941900,1.95729
2008-10-09,4.61999,4.71,4.40,4.40,8440500,2.0752
2008-10-08,4.15,4.61,4.15,4.56,8516000,2.15066
2008-10-07,4.19,4.33,4.01,4.28001,4830500,2.01861
2008-10-06,4.43,4.46,4.26,4.28001,2688900,2.01861
2008-10-03,4.54999,4.54999,4.54999,4.54999,000,2.14594
2008-10-02,4.54999,4.54999,4.54999,4.54999,000,2.14594
2008-10-01,4.54999,4.54999,4.54999,4.54999,000,2.14594
2008-09-30,4.54999,4.54999,4.54999,4.54999,000,2.14594
2008-09-29,4.54999,4.54999,4.54999,4.54999,000,2.14594
2008-09-26,4.53,4.78,4.43,4.54999,4885700,2.14594
2008-09-25,4.32,4.64999,4.25,4.61,8044900,2.17424
2008-09-24,4.09999,4.33,4.00001,4.32,4761000,2.03747
2008-09-23,4.60,4.60,4.29999,4.29999,7125200,2.02803
2008-09-22,4.85,5.08,4.50,4.78,13290400,2.25442
2008-09-19,4.61,4.61999,4.42001,4.61999,8558700,2.17895
2008-09-18,4.29999,4.36999,4.05999,4.19999,5575000,1.98087
2008-09-17,4.78,4.85,4.50999,4.50999,1421200,2.12708
2008-09-16,5.02,5.02,4.63,4.70,2801300,2.21669
2008-09-15,5.02,5.02,5.02,5.02,000,2.36761
2008-09-12,5.05,5.15,5.02,5.02,791000,2.36761
2008-09-11,5.02999,5.30,5.02,5.05,1827200,2.38176
2008-09-10,5.08,5.33,5.02,5.14001,1908100,2.42421
2008-09-09,5.47999,5.58,5.15,5.16,4645500,2.43364
2008-09-08,5.71999,5.71999,5.71999,5.71999,000,2.69776
2008-09-05,5.88,5.97001,5.60,5.71999,2733300,2.69776
2008-09-04,5.87001,6.06999,5.78,6.06999,2367300,2.86283
2008-09-03,5.80001,5.99,5.66001,5.85999,1868000,2.76378
2008-09-02,5.78,5.95,5.71999,5.89999,1617700,2.78265
2008-09-01,5.99999,5.99999,5.74,5.85999,1557800,2.76378
2008-08-29,5.81,6.13,5.77001,6.02,2201500,2.83925
2008-08-28,5.75,5.98,5.66001,5.85,1516200,2.75907
2008-08-27,5.51,5.95,5.46,5.75,1644200,2.71191
2008-08-26,5.89,6.13999,5.44999,5.80001,2301600,2.73549
2008-08-25,5.99999,6.16,5.88,6.02,1289000,2.83925
2008-08-22,6.01001,6.20999,5.80001,5.95,3223000,2.80623
2008-08-21,6.48,6.58,6.06,6.16,3718400,2.90528
2008-08-20,5.98,6.58,5.85,6.54999,3835600,3.08921
2008-08-19,5.99999,6.15001,5.84,5.99999,2172900,2.82981
2008-08-18,6.71,6.71,5.94001,5.94001,2889200,2.80152
2008-08-15,6.58999,6.75,6.44999,6.60001,2340300,3.1128
2008-08-14,6.39001,6.68,6.39001,6.61,1710800,3.11751
2008-08-13,6.48,6.65,6.09,6.58,2054900,3.10336
2008-08-12,6.58999,6.78,6.40,6.56001,2231000,3.09394
2008-08-11,7.06,7.40,6.48,6.60001,5374300,3.1128
2008-08-08,7.78,8.24,7.10999,7.20,4533800,3.39578
2008-08-07,7.68,8.00,7.68,7.89999,1766900,3.72592
2008-08-06,7.89999,8.09,7.62,7.86,2527500,3.70706
2008-08-05,8.00,8.03,7.71,7.79999,3271900,3.67876
2008-08-04,8.24999,8.24999,7.91001,7.99,3486600,3.76837
2008-08-01,8.00,8.44,7.89,8.30,3438500,3.91458
2008-07-31,8.79999,8.90,8.09,8.10,6639300,3.82025
2008-07-30,9.17,9.31,8.72,8.81001,4709400,4.15512
2008-07-29,9.35,9.38,9.02001,9.07999,4172300,4.28245
2008-07-28,9.14999,9.52,9.14999,9.45999,5747800,4.46167
2008-07-25,9.14,9.49,8.97,9.21999,5043100,4.34848
2008-07-24,9.20,9.40001,8.90,9.21999,5459600,4.34848
2008-07-23,9.30001,9.58,9.07999,9.10,6183800,4.29189
2008-07-22,9.20,9.65,8.97999,9.44,8115400,4.45225
2008-07-21,8.59999,9.31999,8.45999,9.19001,8136600,4.33434
2008-07-18,8.81001,8.88001,7.89999,8.71001,7718200,4.10795
2008-07-17,8.62999,9.11,8.40001,8.59999,9763500,4.05606
2008-07-16,9.19001,9.34,8.52,8.52,12418600,4.01834
2008-07-15,9.80,9.89,9.16001,9.47001,14760200,4.4664
2008-07-14,8.96,9.85001,8.95001,9.85001,18878700,4.64562
2008-07-11,8.88001,9.12001,8.40001,8.95001,9435200,4.22115
2008-07-10,8.69999,9.57001,8.59999,8.81001,10794000,4.15512
2008-07-09,8.71001,8.95001,8.55999,8.90,8887900,4.19756
2008-07-08,8.51,8.89,8.33001,8.71001,9982500,4.10795
2008-07-07,8.02,8.79999,7.96,8.67001,12929300,4.08909
2008-07-04,7.29001,8.02,7.10,8.02,9470600,3.78252
2008-07-03,6.82999,7.48,6.58,7.29001,7130900,3.43823
2008-07-02,6.99999,7.30,6.99999,7.10,4964200,3.34861
2008-07-01,7.34,7.34,6.98001,7.13,943700,3.36276
2008-06-30,7.17,7.50001,6.88,7.13,2750100,3.36276
2008-06-27,7.79,7.79999,7.29001,7.29001,4050400,3.43823
2008-06-26,8.00,8.26001,7.82999,8.10,3587800,3.82025
2008-06-25,7.60001,8.14999,7.50001,8.06,3297200,3.80139
2008-06-24,7.40,7.68,7.24,7.62,2902400,3.59386
2008-06-23,7.37999,7.69999,7.05001,7.24,2602600,3.41464
2008-06-20,7.88001,8.45999,7.31,7.55999,6520000,3.56556
2008-06-19,8.95001,8.95001,8.12001,8.12001,2296500,3.82969
2008-06-18,8.64001,9.16001,8.20,9.02001,3026300,4.25416
2008-06-17,9.07999,9.13,8.51,8.65999,1478300,4.08437
2008-06-16,9.34,9.78001,8.65999,9.00,3141700,4.24472
2008-06-13,10.04999,10.35999,9.42,9.45,2335200,4.45696
2008-06-12,10.04999,10.18999,9.62999,9.96,2414700,4.6975
2008-06-11,10.90999,10.90999,10.00999,10.04999,5034700,4.73994
2008-06-10,11.97,12.00001,11.11999,11.11999,3952100,5.24459
2008-06-09,12.35,12.35,12.35,12.35,000,5.82471
2008-06-06,12.25,12.48001,12.15,12.35,1420100,5.82471
2008-06-05,12.38001,12.43999,12.08999,12.27001,1039900,5.78698
2008-06-04,12.05999,12.60,12.00001,12.35,2362700,5.82471
2008-06-03,12.05999,12.39999,11.98,12.20001,1934800,5.75396
2008-06-02,12.15999,12.15999,12.15999,12.15999,000,5.73509
2008-05-30,12.36,12.57999,11.67,12.15999,4233500,5.73509
2008-05-29,13.08,13.18,12.28,12.35,6274100,5.82471
2008-05-28,12.70,13.10001,12.63,13.08,2734100,6.169
2008-05-27,12.74999,13.00001,12.22,12.79001,2540800,6.03223
2008-05-26,13.29999,13.46,12.50,12.60,4304100,5.94261
2008-05-23,14.18001,14.43999,13.12,13.40,3979000,6.31992
2008-05-22,13.33,14.78999,13.01,14.08,7324000,6.64064
2008-05-21,12.22,13.78,12.22,13.46,6122400,6.34822
2008-05-20,14.28001,14.54,12.84999,12.84999,4090200,6.06052
2008-05-19,14.05999,14.54999,13.95999,14.28001,3453700,6.73497
2008-05-16,14.99999,15.15,13.90001,14.28001,7278600,6.73497
2008-05-15,15.99999,16.02,14.91,14.99,14004800,7.06982
2008-05-14,14.56001,14.56001,14.56001,14.56001,000,6.86702
2008-05-13,14.56001,14.56001,14.56001,14.56001,000,6.86702
2008-05-12,14.01,14.88,13.98999,14.56001,4526400,6.86702
2008-05-09,15.13999,15.39001,14.15,14.35001,4595900,6.76798
2008-05-08,14.99999,15.28001,14.73001,15.15,5320900,7.14529
2008-05-07,15.09999,15.99,14.99999,15.23999,10352500,7.18773
2008-05-06,14.30,15.50,14.11001,15.19,6852700,7.16415
2008-05-05,14.15,14.94001,14.00001,14.57,4914400,6.87174
2008-05-02,14.16999,14.16999,14.16999,14.16999,000,6.68308
2008-05-01,14.16999,14.16999,14.16999,14.16999,000,6.68308
2008-04-30,14.28001,14.53,13.98,14.16999,4001800,6.68308
2008-04-29,13.50,14.19,13.50,13.98,1367600,6.59347
2008-04-28,13.64999,14.05,13.29999,13.57,2512000,6.4001
2008-04-25,14.40,14.81,13.78,14.05,4177200,6.62649
2008-04-24,14.19999,14.39,13.71,14.30999,4614900,6.74911
2008-04-23,12.65001,13.08,12.34001,13.08,1592600,6.169
2008-04-22,12.50,12.60,11.87,12.29999,1372100,5.80112
2008-04-21,13.00001,13.28001,11.49999,12.46999,2221700,5.8813
2008-04-18,13.10001,13.39,12.17001,12.17001,1615400,5.73981
2008-04-17,13.88,14.08,12.90001,13.15,807100,6.20201
2008-04-16,14.30,14.49001,13.50,13.73,1273000,6.47556
2008-04-15,13.69001,14.50,13.69001,14.26,1904600,6.72553
2008-04-14,14.99999,15.13,13.67999,13.74999,2362100,6.48499
2008-04-11,15.54,16.16999,14.99999,15.19999,4521400,7.16886
2008-04-10,14.70,14.70,14.70,14.70,000,6.93305
2008-04-09,14.70,14.70,14.70,14.70,000,6.93305
2008-04-08,13.50999,15.15,13.50999,14.70,3670800,6.93305
2008-04-07,12.59,14.05,12.35,13.80,1749600,6.50858
2008-04-04,12.97,12.97,12.97,12.97,000,6.11712
2008-04-03,12.50999,13.03001,11.70999,12.97,3695400,6.11712
2008-04-02,14.19999,14.60,13.01,13.01,3355800,6.13599
2008-04-01,15.99999,16.68999,14.45001,14.45001,2783600,6.81514
2008-03-31,16.78,16.79999,15.80001,16.06,2245600,7.57447
2008-03-28,16.34999,17.50001,15.54999,16.98001,2882900,8.00838
2008-03-27,23.28996,23.28996,21.65996,21.69997,2933500,7.87268
2008-03-26,23.47997,23.98997,22.92997,23.34997,3698700,8.4713
2008-03-25,21.80997,23.49998,21.32996,23.44996,5778000,8.50757
2008-03-24,21.99998,22.64996,21.67996,21.92998,2901000,7.95613
2008-03-21,21.77998,22.79997,21.52996,21.59998,3536400,7.83641
2008-03-20,21.03997,21.03997,21.03997,21.03997,000,7.63324
2008-03-19,20.49998,21.42997,20.08997,21.03997,3234000,7.63324
2008-03-18,19.57997,20.20998,19.04997,20.07998,4409700,7.28496
2008-03-17,21.19996,21.68998,19.44997,19.69999,4678000,7.14709
2008-03-14,22.59997,22.99997,21.43996,21.59998,4820900,7.83641
2008-03-13,23.27998,23.34997,22.29996,22.67998,6654000,8.22823
2008-03-12,24.04998,24.32996,23.00996,23.27998,6545200,8.4459
2008-03-11,22.59997,24.09997,22.09996,23.89997,10572900,8.67084
2008-03-10,22.42996,23.49998,22.24997,22.82996,8916100,8.28264
2008-03-07,21.49997,23.27998,21.17998,22.44997,14505500,8.14478
2008-03-06,20.82998,21.54996,20.67997,21.49997,3416300,7.80012
2008-03-05,20.85997,21.19996,19.67998,20.85997,1528000,7.56793
2008-03-04,21.39998,21.88998,20.80998,20.83997,1968100,7.56068
2008-03-03,20.84998,21.74996,20.01997,21.39998,3418600,7.76385
2008-02-29,19.80996,20.69998,19.39997,20.69998,2492300,7.50989
2008-02-28,20.62998,20.78997,19.74998,19.84996,2175900,7.20151
2008-02-27,20.37996,20.64998,19.70997,20.60998,2435000,7.47724
2008-02-26,20.39997,20.84998,18.99998,19.97997,2699500,7.24867
2008-02-25,20.71998,21.34996,19.49996,19.80996,4431400,7.18699
2008-02-22,19.21998,21.10996,19.21998,20.90996,7036700,7.58607
2008-02-21,18.84997,19.37997,18.59998,19.18996,1792400,6.96206
2008-02-20,18.97998,19.34998,18.79998,19.18996,3628500,6.96206
2008-02-19,18.35998,18.79998,18.07997,18.79998,3412300,6.82058
2008-02-18,18.41999,18.79998,18.00998,18.35998,5008500,6.66094
2008-02-15,18.99998,19.20996,18.00998,18.29997,1727700,6.63917
2008-02-14,18.93997,19.47999,18.89997,19.07996,1275900,6.92215
2008-02-13,18.73997,19.49996,18.72999,18.97998,1324900,6.88588
2008-02-12,19.31996,19.31996,19.31996,19.31996,000,7.00922
2008-02-11,19.31996,19.31996,19.31996,19.31996,000,7.00922
2008-02-08,19.31996,19.31996,19.31996,19.31996,000,7.00922
2008-02-07,19.31996,19.31996,19.31996,19.31996,000,7.00922
2008-02-06,19.31996,19.31996,19.31996,19.31996,000,7.00922
2008-02-05,19.14998,20.48996,18.99998,19.31996,1348400,7.00922
2008-02-04,17.99996,19.39997,17.99996,19.14998,1648300,6.94756
2008-02-01,18.34996,18.72999,16.55997,17.81997,2057300,6.46503
2008-01-31,18.29997,18.87996,18.20997,18.39998,996300,6.67546
2008-01-30,18.04998,19.07996,18.04998,18.58997,1898700,6.74438
2008-01-29,17.90996,18.58997,16.99997,17.86999,1868400,6.48318
2008-01-28,19.25999,19.79997,17.90996,17.90996,3535600,6.49768
2008-01-25,19.90997,20.49998,19.89998,19.89998,2217700,7.21965
2008-01-24,20.17997,20.58998,19.17997,20.49998,5437700,7.43733
2008-01-23,19.57997,20.47998,18.34996,19.97997,4826700,7.24867
2008-01-22,21.19996,21.19996,19.51996,19.51996,3674500,7.08178
2008-01-21,23.45997,23.45997,21.59998,21.68998,2614500,7.86906
2008-01-18,23.57996,23.86996,23.04996,23.45997,2212200,8.51121
2008-01-17,23.19997,23.89997,21.54996,23.59996,4786800,8.56199
2008-01-16,23.49998,23.57996,22.59997,23.39996,2835400,8.48944
2008-01-15,23.46996,23.59996,23.10997,23.39996,3199300,8.48944
2008-01-14,23.29998,23.49998,22.49996,23.44996,2823100,8.50757
2008-01-11,22.93996,23.52997,21.97997,23.14997,3287800,8.39874
2008-01-10,22.47996,23.59996,22.46997,22.93996,4626700,8.32255
2008-01-09,20.47998,22.54998,20.07998,22.48997,7206300,8.15929
2008-01-08,21.49997,21.49997,20.04996,20.49998,4066200,7.43733
2008-01-07,21.39998,21.39998,20.83997,20.99996,3238900,7.61872
2008-01-04,21.35998,21.48998,20.62998,20.96997,4392900,7.60784
2008-01-03,21.14997,21.44998,20.54997,21.35998,4360300,7.74933
2008-01-02,19.99997,21.19996,19.79997,21.12996,5354400,7.66589
2008-01-01,19.89998,19.89998,19.89998,19.89998,000,7.21965
2007-12-31,19.89998,19.89998,19.89998,19.89998,000,7.21965
2007-12-28,19.29996,19.99997,19.00997,19.89998,4995900,7.21965
2007-12-27,18.29997,19.79997,18.29997,19.40996,4998400,7.04188
2007-12-26,17.64999,18.24998,17.59997,18.24998,3318900,6.62104
2007-12-25,17.69998,17.88999,17.42998,17.63997,2594700,6.39973
2007-12-24,17.94997,17.99996,17.54997,17.69998,2471100,6.4215
2007-12-21,17.44999,17.97999,17.19997,17.69998,1758400,6.4215
2007-12-20,17.47998,18.04998,17.21997,17.60998,3911100,6.38885
2007-12-19,17.39997,17.48997,17.07998,17.47998,3282600,6.34168
2007-12-18,16.74998,17.58998,16.49999,17.39997,5631800,6.31266
2007-12-17,15.84998,16.44997,15.60997,16.22997,2328700,5.88818
2007-12-14,15.70999,15.87997,15.19999,15.87997,1488600,5.7612
2007-12-13,16.38999,16.52998,15.74999,15.80997,1754900,5.73581
2007-12-12,15.89997,16.54998,15.68998,16.35997,3091800,5.93535
2007-12-11,15.79998,15.97998,15.68998,15.79998,2093900,5.73219
2007-12-10,15.28999,15.94999,15.08999,15.80997,2301000,5.73581
2007-12-07,15.29997,15.39999,14.97999,15.24998,1475600,5.53265
2007-12-06,15.37998,15.44998,14.97999,15.17999,1358600,5.50725
2007-12-05,14.97999,15.99998,14.70997,15.41999,1928200,5.59433
2007-12-04,14.70997,14.99999,14.62998,14.89998,1152300,5.40567
2007-12-03,14.39997,14.79999,14.39997,14.66999,1402500,5.32223
2007-11-30,15.19999,15.19999,14.54997,14.54997,1147200,5.27869
2007-11-29,14.99999,15.19999,14.69998,15.09998,2300100,5.47823
2007-11-28,15.35998,15.67997,14.69998,14.94997,1210200,5.4238
2007-11-27,15.47997,15.96999,15.36997,15.36997,1504100,5.57618
2007-11-26,16.04997,16.16999,15.61999,15.67997,1227700,5.68864
2007-11-23,15.49997,16.18996,15.49997,16.14999,1722300,5.85917
2007-11-22,16.23998,16.24997,15.59999,15.69997,1276700,5.6959
2007-11-21,16.85998,16.93996,16.33997,16.39998,1482500,5.94986
2007-11-20,16.49999,16.87998,16.49999,16.83998,1610900,6.10949
2007-11-19,16.64997,16.84997,16.22997,16.84997,2045200,6.11312
2007-11-16,16.79997,17.59997,16.11997,16.57997,1618400,6.01516
2007-11-15,16.79997,16.99997,16.54998,16.79997,1394200,6.09498
2007-11-14,16.50998,16.94998,16.05999,16.79997,2448600,6.09498
2007-11-13,16.20997,16.59997,16.12998,16.23998,1784800,5.89182
2007-11-12,15.79998,16.68997,15.49997,16.49999,2684100,5.98615
2007-11-09,15.74999,15.98997,15.40997,15.94999,1436400,5.78661
2007-11-08,15.96999,16.09997,15.49997,15.74999,1173700,5.71405
2007-11-07,16.04997,16.23998,15.57998,16.14999,1615700,5.85917
2007-11-06,15.70999,16.17998,15.20998,16.17998,2121600,5.87005
2007-11-05,15.49997,16.14999,15.39999,15.74999,1564400,5.71405
2007-11-02,15.99998,15.99998,15.31998,15.79998,2106800,5.73219
2007-11-01,16.77997,16.89999,15.79998,16.25999,4057300,5.89907
2007-10-31,16.18996,16.80999,16.02997,16.80999,2768500,6.09861
2007-10-30,15.69997,16.17998,15.51997,16.17998,1728700,5.87005
2007-10-29,16.34998,16.74998,15.19999,15.95998,2029200,5.79023
2007-10-26,15.98997,16.49999,15.79998,16.49999,1852200,5.98615
2007-10-25,17.88999,17.99996,16.10998,16.12998,2976200,5.85191
2007-10-24,18.07997,18.09997,17.66999,17.89998,1509100,6.49406
2007-10-23,17.75999,18.39998,17.50997,18.05997,2205200,6.5521
2007-10-22,16.99997,18.26998,16.80999,17.75999,2927800,6.44327
2007-10-19,17.09998,17.65997,16.79997,17.25998,1199200,6.26187
2007-10-18,17.47998,17.49998,16.79997,17.19997,2645900,6.2401
2007-10-17,17.96997,18.18997,17.41997,17.42998,2041300,6.32355
2007-10-16,17.07998,18.04998,16.87998,17.95998,3171500,6.51583
2007-10-15,17.59997,17.88999,16.80999,17.03998,4473500,6.18205
2007-10-12,18.78997,19.14998,17.17997,17.51998,4750400,6.3562
2007-10-11,18.54996,19.44997,18.26998,18.84997,3650400,6.83871
2007-10-10,18.87996,18.87996,18.27997,18.54996,2937900,6.72987
2007-10-09,18.98996,19.10998,18.58997,18.74996,3431800,6.80243
2007-10-08,19.98998,19.98998,18.79998,18.98996,2431700,6.8895
2007-10-05,19.29996,19.29996,19.29996,19.29996,000,7.00197
2007-10-04,19.29996,19.29996,19.29996,19.29996,000,7.00197
2007-10-03,19.29996,19.29996,19.29996,19.29996,000,7.00197
2007-10-02,19.29996,19.29996,19.29996,19.29996,000,7.00197
2007-10-01,19.29996,19.29996,19.29996,19.29996,000,7.00197
2007-09-28,18.74996,19.39997,18.56997,19.29996,4635300,7.00197
2007-09-27,18.88998,19.29996,17.99996,18.59998,5195400,6.74802
2007-09-26,19.09996,19.64997,18.98996,19.04997,1806100,6.91127
2007-09-25,19.59997,19.77997,18.99998,19.29996,3347100,7.00197
2007-09-24,19.79997,20.30997,19.29996,19.77997,2924400,7.17611
2007-09-21,19.49996,19.97997,19.39997,19.61998,2824700,7.11807
2007-09-20,19.98998,20.28997,19.14998,19.49996,3244100,7.07453
2007-09-19,21.14997,21.37998,19.99997,19.99997,2713300,7.25593
2007-09-18,20.99996,21.50998,20.49998,21.17998,2874800,7.68403
2007-09-17,20.49998,21.29997,20.30997,20.99996,2494200,7.61872
2007-09-14,20.89997,21.04998,20.27998,20.68996,2542000,7.50625
2007-09-13,20.84998,21.10996,20.29998,20.89997,2549500,7.58245
2007-09-12,19.92997,21.29997,18.99998,20.83997,4471800,7.56068
2007-09-11,21.55998,21.72996,19.39997,19.95996,4184200,7.24141
2007-09-10,21.88998,21.88998,20.69998,21.53997,4470600,7.81464
2007-09-07,22.09996,22.89996,22.05996,22.20996,4697900,8.05771
2007-09-06,22.59997,22.89996,22.29996,22.30998,5318800,8.09399
2007-09-05,23.49998,23.84998,22.29996,22.66997,5055100,8.22459
2007-09-04,23.49998,23.99996,23.44996,23.57996,4849500,8.55474
2007-09-03,23.19997,23.49998,22.87998,23.49998,4225700,8.52572
2007-08-31,22.99997,23.76997,22.80996,23.16998,5626200,8.406
2007-08-30,23.54997,23.54997,22.79997,22.99997,5172600,8.34432
2007-08-29,22.87998,23.72997,22.50997,23.55996,5348800,8.54748
2007-08-28,23.79996,23.79996,22.41998,22.88997,3380900,8.30441
2007-08-27,24.52996,24.74996,23.41997,23.46996,4131000,8.51483
2007-08-24,25.09996,25.69995,24.29997,24.49997,6101800,8.88851
2007-08-23,24.75997,24.75997,24.75997,24.75997,000,8.98284
2007-08-22,22.74998,25.38996,22.54998,24.75997,8237100,8.98284
2007-08-21,23.26996,23.58997,22.99997,23.07998,3785800,8.37335
2007-08-20,23.09998,23.49998,22.63998,23.10997,6705500,8.38423
2007-08-17,22.19998,22.49996,21.79998,22.29996,3240400,8.09036
2007-08-16,21.75997,22.79997,21.69997,22.08997,2864100,8.01418
2007-08-15,22.64996,22.89996,21.71997,22.09996,3394500,8.0178
2007-08-14,21.55998,23.06996,21.20997,22.63998,6293700,8.21371
2007-08-13,22.49996,22.87998,21.28998,21.55998,4292100,7.82189
2007-08-10,23.17996,23.54997,21.38997,22.25996,9162400,8.07584
2007-08-09,21.44998,23.19997,21.29997,22.79997,10014100,8.27176
2007-08-08,20.09998,21.98996,20.00998,21.38997,9840400,7.76021
2007-08-07,19.39997,20.42998,18.95997,19.98998,5449500,7.2523
2007-08-06,18.99998,19.78998,18.59998,19.45998,6053700,7.06002
2007-08-03,19.15997,19.15997,18.35998,18.99998,6894800,6.89313
2007-08-02,18.89997,19.70997,18.07997,19.15997,6290000,6.95118
2007-08-01,20.50997,20.79996,18.53998,18.76996,4318200,6.80969
2007-07-31,20.39997,21.09997,20.09998,20.49998,3202200,7.43733
2007-07-30,20.48996,21.26998,19.99997,20.62998,4249000,7.48449
2007-07-27,19.50998,20.99996,18.99998,20.69998,7375300,7.50989
2007-07-26,18.77998,20.07998,18.60997,19.49996,4919600,7.07453
2007-07-25,18.28998,19.14998,18.28998,18.79998,3743000,6.82058
2007-07-24,18.65996,19.17997,18.29997,18.55998,3746100,6.7335
2007-07-23,18.49997,18.83999,17.99996,18.64998,4070800,6.76615
2007-07-20,17.04996,18.34996,16.99997,18.15998,3923100,6.58839
2007-07-19,16.79997,17.54997,16.79997,17.16998,1327000,6.22922
2007-07-18,17.24999,17.69998,17.24999,17.44999,1352900,6.2326
2007-07-17,17.39997,17.95998,16.70998,17.46996,2077100,6.23974
2007-07-16,17.97999,18.26998,17.49998,17.55999,1917700,6.27189
2007-07-13,18.39998,18.54996,17.47998,18.01996,2617100,6.43618
2007-07-12,19.14998,19.14998,17.99996,18.34996,7319800,6.55405
2007-07-11,16.65998,17.59997,16.65998,17.59997,1386000,6.28617
2007-07-10,17.40998,17.59997,15.99998,15.99998,4522600,5.71471
2007-07-09,16.53997,17.95998,16.10998,17.40998,5945700,6.21832
2007-07-06,15.22998,16.58999,14.59997,16.39998,5014000,5.85757
2007-07-05,17.39997,17.39997,15.65997,15.65997,5476700,5.59326
2007-07-04,17.79996,17.94997,17.34997,17.39997,2083600,6.21474
2007-07-03,17.97999,18.29997,17.34997,17.89998,2799000,6.39333
2007-07-02,17.39997,18.03997,17.09998,17.99996,3355500,6.42904
2007-06-29,18.49997,18.49997,17.21997,17.39997,4768100,6.21474
2007-06-28,21.16997,21.19996,19.12998,19.12998,7851900,6.83265
2007-06-27,20.97998,22.58996,20.73998,21.24998,7167700,7.58984
2007-06-26,18.86998,20.73998,18.34996,20.73998,6247400,7.40769
2007-06-25,19.07996,19.43998,18.02998,18.84997,5646400,6.73264
2007-06-22,20.85997,20.85997,18.78997,18.78997,6700000,6.7112
2007-06-21,21.90998,22.89996,20.50997,20.87997,5088500,7.45769
2007-06-20,23.04996,23.19997,21.79998,21.88998,7199200,7.81843
2007-06-19,23.79996,23.79996,22.89996,23.30997,5921300,8.32561
2007-06-18,23.10997,24.16997,23.10997,24.04998,8928500,8.58992
2007-06-15,22.65998,23.26996,22.59997,22.90997,6207700,8.18274
2007-06-14,22.87998,23.67997,22.04997,22.65998,7274000,8.09345
2007-06-13,23.14997,24.34996,22.49996,22.70997,9854400,8.11131
2007-06-12,22.39997,23.68996,21.69997,22.67998,16324200,8.1006
2007-06-11,19.88997,21.53997,19.87998,21.53997,5810100,7.69342
2007-06-08,19.89998,20.48996,19.21998,19.57997,9771000,6.99337
2007-06-07,19.07996,19.97997,18.79998,19.69999,8212100,7.03624
2007-06-06,18.37998,19.46997,17.47998,18.99998,9762800,6.78621
2007-06-05,17.94997,18.90998,17.02999,18.37998,11038100,6.56477
2007-06-04,20.69998,20.89997,18.91997,18.91997,10213300,6.75764
2007-06-01,23.93998,23.93998,21.01996,21.01996,11779100,7.50769
2007-05-31,24.79998,24.94995,22.97997,23.34997,13195400,8.3399
2007-05-30,25.99996,27.47003,25.52998,25.52998,9900400,9.11853
2007-05-29,28.73,28.98984,27.85005,28.37001,6764600,10.1329
2007-05-28,27.34985,28.8001,27.34985,28.69995,13299700,10.25075
2007-05-25,28.27987,28.27987,27.05996,27.27,8508300,9.74001
2007-05-24,29.59993,29.79996,26.99996,28.2999,10940400,10.10786
2007-05-23,28.99986,30.80008,28.75003,29.59993,9132500,10.57219
2007-05-22,28.2999,28.99986,27.79997,28.96007,13401100,10.34365
2007-05-21,28.11991,29.25997,27.79997,28.20003,12921900,10.07219
2007-05-18,28.94004,28.94004,28.94004,28.94004,000,10.3365
2007-05-17,28.75003,29.77993,28.75003,28.94004,6270800,10.3365
2007-05-16,28.00,28.99986,27.9299,28.55,5963700,10.19719
2007-05-15,29.59993,29.79996,27.50007,27.79997,8901900,9.9293
2007-05-14,28.20003,30.49991,27.57992,29.59993,10222100,10.57219
2007-05-11,30.20001,30.20001,28.32995,28.80984,8870500,10.29
2007-05-10,31.16007,31.16007,29.50005,30.78005,15531600,10.9937
2007-05-09,28.32995,28.32995,28.32995,28.32995,3723600,10.11859
2007-05-08,25.74998,25.74998,25.74998,25.74998,000,9.19711
2007-05-07,23.99996,26.79996,23.89997,25.74998,000,9.19711
2007-05-04,23.99996,26.79996,23.89997,25.74998,000,9.19711
2007-05-03,23.99996,26.79996,23.89997,25.74998,000,9.19711
2007-05-02,23.99996,26.79996,23.89997,25.74998,000,9.19711
2007-05-01,23.99996,26.79996,23.89997,25.74998,000,9.19711
2007-04-30,23.99996,26.79996,23.89997,25.74998,9889900,9.19711
2007-04-27,26.19996,26.46996,24.54996,24.58997,7910800,8.78279
2007-04-26,25.89995,27.1999,25.39997,26.39996,10233100,9.42926
2007-04-25,25.04997,26.19996,24.20997,25.94997,11154200,9.26854
2007-04-24,24.49997,26.29998,23.87997,25.20996,13256000,9.00423
2007-04-23,24.89996,25.99996,23.97996,24.59998,19639300,8.78636
2007-04-20,22.11997,23.77996,22.11997,23.77996,12007800,8.49348
2007-04-19,20.61997,22.09996,19.70997,21.61996,19935800,7.72199
2007-04-18,19.79997,20.67997,19.79997,20.60998,12283000,7.36126
2007-04-17,19.21998,19.84996,19.19998,19.73996,11928600,7.05051
2007-04-16,19.31996,19.97997,18.99998,19.14998,11696500,6.83979
2007-04-13,19.12998,19.79997,18.99998,19.29996,9894600,6.89336
2007-04-12,18.79998,19.87998,18.50999,18.89997,8882800,6.75049
2007-04-11,19.89998,19.98998,19.02997,19.16999,10868200,6.84694
2007-04-10,20.53998,20.92996,19.50998,19.95996,7077500,7.12909
2007-04-09,20.05998,21.37998,20.05998,20.53998,10244900,7.33626
2007-04-06,19.35997,20.22998,19.05999,19.99997,10134500,7.14338
2007-04-05,19.49996,19.72998,19.19998,19.60996,5892300,7.00408
2007-04-04,20.09998,20.27998,19.30998,19.82996,5708400,7.08266
2007-04-03,19.74998,20.19997,19.34998,19.98998,7810600,7.13981
2007-04-02,19.74998,20.37996,19.36999,19.70997,8872800,7.0398
2007-03-30,18.75998,19.79997,18.19999,19.71996,8678300,7.04337
2007-03-29,19.38996,19.89998,18.70998,18.75998,11071700,6.70049
2007-03-28,17.89998,19.60996,17.88999,19.57997,23897800,6.99337
2007-03-27,17.66999,17.84998,17.34997,17.82998,10386600,6.36833
2007-03-26,16.74998,17.87997,16.69999,17.66999,12448200,6.31118
2007-03-23,16.96998,17.12997,16.59997,16.79997,5179100,6.00044
2007-03-22,16.59997,17.26996,16.59997,16.95997,9839700,6.05758
2007-03-21,16.52998,16.84997,16.44997,16.54998,8179400,5.91115
2007-03-20,17.39997,17.44999,16.47999,16.48997,12667400,5.88972
2007-03-19,17.32997,17.88999,17.09998,17.43997,6279800,6.22903
2007-03-16,17.49998,18.34996,17.38998,17.67998,7932800,6.31475
2007-03-15,17.67998,17.79996,17.39997,17.54997,4214900,6.26832
2007-03-14,18.18997,18.18997,17.33999,17.67998,8359800,6.31475
2007-03-13,17.30997,18.29997,17.19997,18.28998,12781400,6.53263
2007-03-12,17.40998,17.61997,17.07998,17.30997,5048800,6.18259
2007-03-09,17.89998,17.89998,17.29998,17.39997,4599000,6.21474
2007-03-08,17.80998,18.04998,17.51998,17.79996,5188700,6.3576
2007-03-07,17.46996,17.99996,17.25998,17.79996,4657200,6.3576
2007-03-06,18.19999,18.19999,16.99997,17.47998,3631800,6.24332
2007-03-05,18.45996,18.45996,17.09998,17.94997,5602700,6.41118
2007-03-02,18.37998,18.87996,17.89998,18.44998,4129400,6.58977
2007-03-01,19.87998,19.87998,17.79996,18.51997,9211300,6.61477
2007-02-28,17.00999,18.79998,17.00999,18.77998,10608500,6.70764
2007-02-27,19.79997,20.21997,17.95998,17.95998,9165500,6.41476
2007-02-26,20.79996,20.79996,19.14998,19.95996,7437200,7.12909
2007-02-23,19.94998,20.78997,19.57997,19.72998,000,7.04695
2007-02-22,19.94998,20.78997,19.57997,19.72998,000,7.04695
2007-02-21,19.94998,20.78997,19.57997,19.72998,000,7.04695
2007-02-20,19.94998,20.78997,19.57997,19.72998,000,7.04695
2007-02-19,19.94998,20.78997,19.57997,19.72998,000,7.04695
2007-02-16,19.94998,20.78997,19.57997,19.72998,6238700,7.04695
2007-02-15,19.99997,20.59996,19.67998,20.13996,5035000,7.19338
2007-02-14,19.19998,20.49998,19.19998,19.98998,5128200,7.13981
2007-02-13,19.87998,20.46996,19.67998,19.81997,2538700,7.07909
2007-02-12,18.30999,20.19997,18.25997,19.97997,4412700,7.13624
2007-02-09,18.76996,18.99998,18.14997,18.59998,1598600,6.64335
2007-02-08,18.22998,18.79998,18.21996,18.49997,2035400,6.60763
2007-02-07,17.97999,18.79998,17.79996,18.49997,3384600,6.60763
2007-02-06,17.44999,17.78998,17.09998,17.76997,1978800,6.34689
2007-02-05,16.98998,17.49998,16.59997,17.44999,2509800,6.2326
2007-02-02,17.29998,17.39997,16.60999,16.99997,4201500,6.07187
2007-02-01,17.94997,18.16997,16.27999,17.47998,5619200,6.24332
2007-01-31,19.87998,19.87998,17.90996,17.99996,4256800,6.42904
2007-01-30,20.58998,20.93998,19.59997,19.89998,3734500,7.10767
2007-01-29,20.78997,21.37998,20.07998,20.57996,4196300,7.35054
2007-01-26,20.09998,21.04998,19.23998,20.78997,3956200,7.42555
2007-01-25,20.49998,21.79998,20.47998,20.68996,5581700,7.38982
2007-01-24,19.24997,20.99996,19.24997,20.98997,7064100,7.49698
2007-01-23,19.28997,19.49996,18.63996,19.25999,5173300,6.87908
2007-01-22,18.69997,19.47999,18.57998,19.29996,4554400,6.89336
2007-01-19,17.79996,18.75998,17.79996,18.69997,5376000,6.67906
2007-01-18,18.27997,18.44998,16.99997,17.99996,5682600,6.42904
2007-01-17,19.44997,19.95996,17.89998,18.29997,6191900,6.53619
2007-01-16,19.58999,19.79997,19.27996,19.39997,3050700,6.92908
2007-01-15,17.80998,19.57997,17.80998,19.51996,5482300,6.97194
2007-01-12,17.99996,18.27997,17.40998,17.95998,4802300,6.41476
2007-01-11,17.50997,18.84997,17.09998,17.96997,6970600,6.41833
2007-01-10,17.19997,17.49998,16.59997,17.49998,4573100,6.25046
2007-01-09,16.49999,17.39997,16.01998,17.34997,4553100,6.19688
2007-01-08,14.99999,16.49999,14.99999,16.49999,5430200,5.89329
2007-01-05,14.59997,15.24998,14.47998,15.19999,5551800,5.42897
2007-01-04,15.49997,15.79998,14.49998,14.59997,3813800,5.21466
2007-01-03,14.17997,15.39999,14.17997,14.93998,000,5.33611
2007-01-02,14.17997,15.39999,14.17997,14.93998,000,5.33611
2007-01-01,14.17997,15.39999,14.17997,14.93998,000,5.33611
2006-12-29,14.17997,15.39999,14.17997,14.93998,4916700,5.33611
2006-12-28,14.92997,15.19999,14.02999,14.10997,4889900,5.03965
2006-12-27,14.09999,15.27997,13.99997,14.99999,4852300,5.35754
2006-12-26,14.69998,14.79999,13.80999,13.99997,6878900,5.00036
2006-12-25,14.92997,15.51997,14.35999,14.69998,6610100,5.25039
2006-12-22,13.88997,14.95999,13.30998,14.92997,10481000,5.33253
2006-12-21,12.69997,13.87998,12.69997,13.59998,7984100,4.8575
2006-12-20,11.90999,12.97998,11.75999,12.71997,8981600,4.54319
2006-12-19,12.06999,12.07997,11.60,11.79999,5042300,4.2146
2006-12-18,11.99999,12.19999,11.80998,11.95999,6630900,4.27174
2006-12-15,11.64999,11.96997,11.57999,11.91998,5247300,4.25745
2006-12-14,11.28997,11.60,11.04999,11.57999,4836500,4.13602
2006-12-13,11.38,11.44999,10.99998,11.13999,2415300,3.97887
2006-12-12,11.19997,11.38,10.81998,11.34998,3474600,4.05387
2006-12-11,10.80999,11.13999,10.67999,11.07999,2553700,3.95743
2006-12-08,11.11999,11.28997,10.79998,10.80999,2584000,3.861
2006-12-07,11.30997,11.57999,11.00999,11.24999,3851200,4.01815
2006-12-06,11.54998,11.79999,10.87999,11.29999,5270000,4.03601
2006-12-05,11.77999,11.89998,11.47998,11.69998,3842500,4.17888
2006-12-04,11.10998,12.18998,11.10998,11.77999,6251300,4.20745
2006-12-01,11.09999,11.24999,10.82999,11.09999,3520700,3.96458
2006-11-30,11.03998,11.29999,10.97997,11.00999,3786900,3.93243
2006-11-29,10.54999,11.18,10.38999,11.02999,3259200,3.93958
2006-11-28,10.59998,10.87999,10.49999,10.70998,3128800,3.82528
2006-11-27,10.18999,10.69999,10.17998,10.59998,3939600,3.78599
2006-11-24,10.06998,10.41998,9.99998,10.18999,3006300,3.63956
2006-11-23,10.39998,10.54999,10.03999,10.34999,2248000,3.6967
2006-11-22,9.90,10.48998,9.85999,10.34999,4008400,3.6967
2006-11-21,9.97998,10.08998,9.55,9.80997,5943500,3.50382
2006-11-20,10.50998,10.63998,9.91997,9.99998,3947100,3.57169
2006-11-17,10.74,10.79998,10.47999,10.52,3672800,3.75742
2006-11-16,10.74,10.74,10.74,10.74,000,3.836
2006-11-15,10.57998,10.77997,10.37998,10.74,2388600,3.836
2006-11-14,10.52998,10.61998,10.19998,10.49999,3782700,3.75028
2006-11-13,10.75997,11.08997,10.39998,10.52998,2474700,3.76099
2006-11-10,11.19997,11.34998,10.68998,10.75997,2540500,3.84313
2006-11-09,10.60999,11.18,10.54999,11.04999,3808800,3.94672
2006-11-08,11.01998,11.01998,10.46998,10.72998,4889300,3.83242
2006-11-07,11.54998,11.78998,10.89999,11.02999,5592800,3.93958
2006-11-06,11.60,11.84999,11.39997,11.63997,3108900,4.15744
2006-11-03,11.51999,12.09998,11.51999,11.62999,5845900,4.15388
2006-11-02,11.08997,11.77999,10.85,11.69998,8359000,4.17888
2006-11-01,10.59998,11.09999,10.59998,11.09999,4575400,3.96458
2006-10-31,10.67999,10.98999,10.49999,10.85,4381900,3.87529
2006-10-30,11.09999,11.29999,10.65999,10.69999,6496500,3.82171
2006-10-27,11.54998,11.54998,10.89999,11.31999,11070600,4.04315
2006-10-26,11.82998,12.17999,11.39997,11.64999,9293300,4.16102
2006-10-25,12.04999,12.67997,11.57999,11.95999,12702000,4.27174
2006-10-24,10.94998,11.96997,10.94998,11.96997,11779000,4.27531
2006-10-23,10.79998,11.31999,10.71999,10.87999,8130000,3.886
2006-10-20,10.79998,11.14998,10.55997,10.69999,7100100,3.82171
2006-10-19,10.89999,10.97997,10.54999,10.68998,4490300,3.81813
2006-10-18,10.10,10.87999,10.01,10.72998,7756200,3.83242
2006-10-17,9.91997,10.44997,9.90,10.14999,4373400,3.62527
2006-10-16,10.34999,10.67999,9.91997,9.95998,6429300,3.5574
2006-10-13,9.68999,10.63,9.49998,10.30,11652100,3.67884
2006-10-12,9.59999,9.94999,9.37999,9.66,7174000,3.45026
2006-10-11,9.26999,9.64998,9.22998,9.53998,4031600,3.40739
2006-10-10,9.52999,9.52999,9.17999,9.26,4932900,3.30739
2006-10-09,8.93,9.44998,8.93,9.44,5781900,3.37168
2006-10-06,8.89998,9.15999,8.74998,8.91998,000,3.18595
2006-10-05,8.89998,9.15999,8.74998,8.91998,000,3.18595
2006-10-04,8.89998,9.15999,8.74998,8.91998,000,3.18595
2006-10-03,8.89998,9.15999,8.74998,8.91998,000,3.18595
2006-10-02,8.89998,9.15999,8.74998,8.91998,000,3.18595
2006-09-29,8.89998,9.15999,8.74998,8.91998,2964300,3.18595
2006-09-28,8.74998,9.02,8.60999,8.93999,3975700,3.19309
2006-09-27,8.69998,8.78998,8.58,8.69998,2979800,3.10737
2006-09-26,8.73999,8.82,8.55999,8.74998,2264300,3.12522
2006-09-25,8.74998,8.89998,8.62,8.73,2090500,3.11809
2006-09-22,8.74998,8.83997,8.54998,8.77999,3778300,3.13595
2006-09-21,8.84999,8.98998,8.71,8.74998,4216700,3.12522
2006-09-20,8.91,9.19999,8.80,8.86999,5228300,3.16809
2006-09-19,8.87998,9.09998,8.80,9.04,4166400,3.22881
2006-09-18,9.10999,9.11998,8.69998,8.96998,6657700,3.2038
2006-09-15,9.26,9.26,8.94997,9.17999,5697700,3.27881
2006-09-14,9.15,9.24,9.04999,9.24,2765300,3.30025
2006-09-13,9.06999,9.66,9.02998,9.15,6880200,3.2681
2006-09-12,9.08999,9.19999,8.97999,9.06999,4843600,3.23952
2006-09-11,8.80,9.10999,8.74998,9.02,3361900,3.22167
2006-09-08,8.84999,8.95999,8.71,8.84999,3005800,3.16095
2006-09-07,8.96998,9.04999,8.69998,8.86999,5118900,3.16809
2006-09-06,8.51,9.00998,8.51,8.97999,8442700,3.20738
2006-09-05,8.27999,8.77999,8.27999,8.74998,8967400,3.12522
2006-09-04,8.18,8.44999,8.18,8.40,2137900,3.00022
2006-09-01,8.30997,8.49,8.20,8.25,3625100,2.94665
2006-08-31,8.80,8.80,8.29999,8.44999,9319300,3.01808
2006-08-30,8.20,8.29,7.99998,8.20,4731800,2.92879
2006-08-29,8.18,8.65998,8.10998,8.22999,10517800,2.9395
2006-08-28,8.05998,8.25998,8.05998,8.10998,5046900,2.89664
2006-08-25,8.18,8.22999,8.03998,8.10998,4179500,2.89664
2006-08-24,8.09,8.25,7.94998,8.22999,5728200,2.9395
2006-08-23,8.14998,8.23998,7.99998,8.10998,5276000,2.89664
2006-08-22,8.07999,8.49999,8.07999,8.18,9714100,2.92165
2006-08-21,7.24998,8.10998,7.24998,8.09,9979300,2.8895
2006-08-18,7.74,7.80999,7.67999,7.72,2941800,2.75735
2006-08-17,7.94,7.99998,7.52,7.74999,7726700,2.76806
2006-08-16,8.00999,8.29999,7.90998,7.99998,7855700,2.85735
2006-08-15,7.83,8.14998,7.74999,7.99998,8999300,2.85735
2006-08-14,7.85,8.18,7.63,7.83998,10696300,2.8002
2006-08-11,7.63,7.91999,7.54,7.79998,9465300,2.78591
2006-08-10,7.08,7.76,6.99999,7.65,9384800,2.73235
2006-08-09,7.10,7.10,6.92,7.04998,1696200,2.51804
2006-08-08,6.83999,7.05999,6.81999,7.05999,2161500,2.52161
2006-08-07,6.92,6.99,6.68,6.81,2502500,2.43233
2006-08-04,6.92,7.10999,6.83999,6.92,4000500,2.47161
2006-08-03,7.21,7.27999,6.79999,6.93998,3473800,2.47875
2006-08-02,7.24998,7.46998,6.99999,7.15998,4805500,2.55733
2006-08-01,7.19998,7.47999,7.19998,7.30,3719100,2.60734
2006-07-31,7.89999,7.89999,7.15998,7.30,6726500,2.60734
2006-07-28,7.74,8.18999,7.69999,7.89999,10122800,2.82164
2006-07-27,7.69999,7.87999,7.56999,7.74,6540000,2.76449
2006-07-26,7.50998,8.05,7.41999,7.79998,12074700,2.78591
2006-07-25,7.43,7.52,7.37998,7.48998,5589500,2.67519
2006-07-24,7.08,7.54999,6.90999,7.45,9099900,2.66091
2006-07-21,6.97,7.30,6.97,7.23999,6186900,2.5859
2006-07-20,6.64998,7.23999,6.60998,6.97,7002700,2.48947
2006-07-19,6.79,6.79999,6.49998,6.64998,3631100,2.37517
2006-07-18,6.77999,6.86998,6.57999,6.79999,2259400,2.42875
2006-07-17,6.57999,6.88,6.37999,6.79999,4836300,2.42875
2006-07-14,6.66999,6.83999,6.53,6.62998,4421600,2.36803
2006-07-13,7.35998,7.36999,6.68,6.70,10319500,2.39304
2006-07-12,7.39998,7.52,7.24998,7.36999,6507400,2.63234
2006-07-11,7.48998,7.54,7.19998,7.30,6583500,2.60734
2006-07-10,6.90,7.63999,6.90,7.36999,10081900,2.63234
2006-07-07,7.03999,7.10999,6.90,6.94999,3015600,2.48233
2006-07-06,6.75,7.08,6.75,7.01,4874100,2.50376
2006-07-05,6.82998,6.90,6.66,6.75,3381800,2.41089
2006-07-04,7.12,7.12,6.77999,6.82998,5691100,2.43946
2006-07-03,7.05999,7.15998,6.84998,7.12,5044500,2.54305
2006-06-30,7.39998,7.43,7.01999,7.04998,4131400,2.51804
2006-06-29,7.28998,7.45,7.26998,7.34999,3088100,2.62519
2006-06-28,7.39998,7.45999,7.14999,7.32999,2502700,2.61805
2006-06-27,7.34999,7.56,7.21999,7.39998,3619000,2.64305
2006-06-26,7.17998,7.59998,7.05999,7.35998,5186400,2.62876
2006-06-23,6.64,7.32999,6.57,7.21999,8153800,2.57876
2006-06-22,6.59999,6.77999,6.53,6.66,3110200,2.37875
2006-06-21,6.53,6.83999,6.42,6.68,6026600,2.38589
2006-06-20,6.35,6.55,6.35,6.48999,3298600,2.31803
2006-06-19,6.35,6.48999,6.00,6.35999,4085300,2.27159
2006-06-16,6.39,6.51998,6.35,6.46,3881200,2.30732
2006-06-15,6.42,6.59999,6.28,6.35,2134600,2.26803
2006-06-14,6.33998,6.48,6.15,6.39999,2754400,2.28588
2006-06-13,6.24999,6.57,6.15,6.37999,3882900,2.27874
2006-06-12,6.15,6.55,6.02999,6.22,4104400,2.22159
2006-06-09,6.64998,6.73998,6.11998,6.17999,6149500,2.2073
2006-06-08,6.49998,6.83999,6.29998,6.70,5801100,2.39304
2006-06-07,8.88998,8.99999,8.03,8.03,9583400,2.39006
2006-06-06,9.35997,9.47999,8.89999,8.91999,5891000,2.65496
2006-06-05,9.04998,9.37998,8.71998,9.34997,7479700,2.78294
2006-06-02,9.19998,9.36998,8.71998,9.03998,10991500,2.69067
2006-06-01,8.31998,9.05999,8.20997,9.05999,11456000,2.69663
2006-05-31,8.37998,8.60,8.05998,8.23999,8574600,2.45256
2006-05-30,8.64999,8.77997,8.32999,8.37998,10871100,2.49423
2006-05-29,7.55998,8.31998,7.55998,8.31998,11409900,2.47637
2006-05-26,7.17999,7.74999,7.07998,7.55998,7588300,2.25016
2006-05-25,6.99998,7.24998,6.85999,7.10999,5917000,2.11623
2006-05-24,7.46,7.79997,6.82998,6.98001,9704100,2.07754
2006-05-23,7.87997,8.08999,7.30,7.46,19298300,2.2204
2006-05-22,6.98998,7.75999,6.81,7.75999,14319800,2.30969
2006-05-19,7.70,7.74999,7.01999,7.05,21057700,2.09837
2006-05-18,6.58998,7.05,6.58998,7.05,9167000,2.09837
2006-05-17,5.82,6.40997,5.82,6.40997,21148400,1.90787
2006-05-16,6.41998,6.41998,5.83,5.83,12458500,1.73525
2006-05-15,6.32998,6.57998,6.07,6.48,13471000,1.92872
2006-05-12,5.69999,6.27999,5.54999,6.27999,11558400,1.86918
2006-05-11,5.70999,5.70999,5.70999,5.70999,000,1.69953
2006-05-10,5.79999,5.87999,5.63999,5.70999,5750400,1.69953
2006-05-09,5.54999,5.85998,5.49,5.79999,7423800,1.72632
2006-05-08,5.29999,5.63999,5.26001,5.52998,4494000,1.64595
2006-05-05,5.21999,5.37999,5.10001,5.27998,000,1.57154
2006-05-04,5.21999,5.37999,5.10001,5.27998,000,1.57154
2006-05-03,5.21999,5.37999,5.10001,5.27998,000,1.57154
2006-05-02,5.21999,5.37999,5.10001,5.27998,000,1.57154
2006-05-01,5.21999,5.37999,5.10001,5.27998,000,1.57154
2006-04-28,5.21999,5.37999,5.10001,5.27998,3265400,1.57154
2006-04-27,5.28999,5.50,5.21999,5.25,3529300,1.56262
2006-04-26,5.08,5.45999,5.00,5.33,5291500,1.58643
2006-04-25,5.19998,5.19998,5.00,5.09,4087000,1.515
2006-04-24,5.60998,5.60998,5.10001,5.27998,5970700,1.57154
2006-04-21,5.44998,5.78999,5.33,5.60998,7376400,1.66976
2006-04-20,5.41,5.59001,5.19998,5.57,8362900,1.65786
2006-04-19,5.55999,5.55999,5.40,5.41,5413000,1.61024
2006-04-18,5.59001,5.61999,5.48,5.54999,4443500,1.65191
2006-04-17,5.57,5.70999,5.52998,5.57,3916200,1.65786
2006-04-14,5.48,5.68998,5.35998,5.65,6347400,1.68167
2006-04-13,6.11999,6.12999,5.50,5.51001,11087900,1.64001
2006-04-12,6.12999,6.19999,6.00998,6.06,5720200,1.80371
2006-04-11,6.08001,6.26998,6.00998,6.11999,6850200,1.82156
2006-04-10,6.11999,6.23,6.02999,6.12999,9662400,1.82454
2006-04-07,6.15,6.37999,6.00998,6.26998,38128900,1.86621
2006-04-06,5.25,5.79999,5.16,5.79999,14153000,1.72632
2006-04-05,5.03998,5.34001,5.03998,5.26998,10924100,1.56856
2006-04-04,4.92,5.04999,4.92,5.03998,3569600,1.50011
2006-04-03,4.79999,4.94001,4.77998,4.92,3107100,1.4644
2006-03-31,4.83,4.85001,4.69998,4.79999,3138500,1.42867
2006-03-30,5.00,5.02001,4.79999,4.84,4098600,1.44058
2006-03-29,5.10001,5.10001,5.01,5.01,3247800,1.49118
2006-03-28,5.04999,5.14999,4.97999,5.10998,4154400,1.52094
2006-03-27,5.02001,5.08,4.94998,5.04999,3212600,1.50308
2006-03-24,5.08,5.14999,5.00,5.01,6423900,1.49118
2006-03-23,4.91,5.16,4.83,5.11998,9288800,1.52392
2006-03-22,4.85001,4.94001,4.83,4.91,2409000,1.46142
2006-03-21,4.79999,4.87999,4.78998,4.85001,2667900,1.44356
2006-03-20,4.76,4.83,4.71999,4.79999,3170500,1.42867
2006-03-17,4.78998,4.84,4.71999,4.76,1964500,1.41677
2006-03-16,4.80999,4.85001,4.70998,4.81999,2766600,1.43463
2006-03-15,4.70998,4.80999,4.69998,4.78998,2560500,1.4257
2006-03-14,4.72999,4.75,4.67,4.72999,1876700,1.40784
2006-03-13,4.63999,4.77001,4.58,4.73999,2177500,1.41082
2006-03-10,4.61998,4.67,4.55999,4.62998,1507700,1.37807
2006-03-09,4.62998,4.70998,4.54998,4.61001,1949600,1.37213
2006-03-08,4.58,4.63999,4.52,4.61001,2413200,1.37213
2006-03-07,4.84,4.85001,4.55999,4.60,4047000,1.36915
2006-03-06,4.87999,4.87999,4.81999,4.83,2067700,1.43761
2006-03-03,4.79999,4.88999,4.77998,4.88999,4407300,1.45546
2006-03-02,5.03998,5.03998,4.78998,4.83,4159600,1.43761
2006-03-01,4.94001,5.05999,4.87999,5.04999,4786500,1.50308
2006-02-28,5.00,5.00,4.77998,4.94001,5541300,1.47035
2006-02-27,5.10998,5.16,5.00,5.02001,3915300,1.49416
2006-02-24,5.01,5.16,4.99,5.12999,5856900,1.5269
2006-02-23,5.07,5.16,4.97999,5.02998,6196200,1.49713
2006-02-22,5.14999,5.22999,5.09,5.10998,9036300,1.52094
2006-02-21,5.51001,5.69999,5.07,5.14999,19794000,1.53285
2006-02-20,7.42999,7.42999,7.42999,7.42999,000,2.21147
2006-02-17,7.42999,7.42999,7.42999,7.42999,000,2.21147
2006-02-16,7.42999,7.42999,7.42999,7.42999,000,2.21147
2006-02-15,7.42999,7.42999,7.42999,7.42999,000,2.21147
2006-02-14,7.42999,7.42999,7.42999,7.42999,000,2.21147
2006-02-13,7.42999,7.42999,7.42999,7.42999,000,2.21147
2006-02-10,7.42999,7.42999,7.42999,7.42999,000,2.21147
2006-02-09,7.42999,7.42999,7.42999,7.42999,000,2.21147
2006-02-08,7.42999,7.42999,7.42999,7.42999,000,2.21147
2006-02-07,7.42999,7.42999,7.42999,7.42999,000,2.21147
2006-02-06,7.42999,7.42999,7.42999,7.42999,000,2.21147
2006-02-03,7.38997,7.58999,7.26999,7.42999,000,2.21147
2006-02-02,7.38997,7.58999,7.26999,7.42999,000,2.21147
2006-02-01,7.38997,7.58999,7.26999,7.42999,000,2.21147
2006-01-31,7.38997,7.58999,7.26999,7.42999,000,2.21147
2006-01-30,7.38997,7.58999,7.26999,7.42999,000,2.21147
2006-01-27,7.38997,7.58999,7.26999,7.42999,000,2.21147
2006-01-26,7.38997,7.58999,7.26999,7.42999,000,2.21147
2006-01-25,7.38997,7.58999,7.26999,7.42999,5382600,2.21147
2006-01-24,7.15998,7.83999,7.14998,7.41999,8825300,2.20849
2006-01-23,7.07998,7.31998,7.06,7.14998,3826500,2.12813
2006-01-20,7.38,7.38,7.07998,7.07998,11662900,2.10729
2006-01-19,7.15998,7.15998,7.15998,7.15998,1769900,2.13111
2006-01-18,6.50998,6.50998,6.50998,6.50998,000,1.93764
2006-01-17,6.50998,6.50998,6.50998,6.50998,000,1.93764
2006-01-16,6.50998,6.50998,6.50998,6.50998,000,1.93764
2006-01-13,6.50998,6.50998,6.50998,6.50998,000,1.93764
2006-01-12,6.50998,6.50998,6.50998,6.50998,000,1.93764
2006-01-11,6.50998,6.50998,6.50998,6.50998,000,1.93764
2006-01-10,6.50998,6.50998,6.50998,6.50998,000,1.93764
2006-01-09,6.50998,6.50998,6.50998,6.50998,000,1.93764
2006-01-06,6.58998,6.59998,6.45999,6.50998,3117400,1.93764
2006-01-05,6.40,6.67998,6.40,6.57001,6329000,1.9555
2006-01-04,6.09998,6.42998,6.09998,6.42998,4696900,1.91383
2006-01-03,6.14,6.25998,6.12999,6.14,000,1.82752
2006-01-02,6.14,6.25998,6.12999,6.14,000,1.82752
2005-12-30,6.14,6.25998,6.12999,6.14,4445700,1.82752
2005-12-29,6.01998,6.09998,5.99,6.08998,1894900,1.81263
2005-12-28,6.08001,6.08001,5.98,6.01998,1459500,1.7918
2005-12-27,6.06,6.06,5.95999,6.02999,1155300,1.79477
2005-12-26,5.96999,6.06,5.90,6.04999,2431700,1.80073
2005-12-23,5.86999,5.95999,5.83998,5.92998,985400,1.76501
2005-12-22,5.85998,5.91,5.81,5.86999,1230200,1.74715
2005-12-21,5.96999,6.02999,5.85998,5.89,963000,1.75311
2005-12-20,5.98,6.00001,5.94999,5.96999,845400,1.77692
2005-12-19,5.92998,6.08998,5.91,5.99,2475400,1.78287
2005-12-16,5.85998,5.95999,5.85998,5.91,593200,1.75906
2005-12-15,6.00001,6.04999,5.87999,5.90,2299700,1.75608
2005-12-14,5.73,6.02999,5.73,5.98,3176600,1.77989
2005-12-13,5.73,5.83998,5.67998,5.81,1622400,1.72929
2005-12-12,5.66,5.82,5.66,5.77998,1596500,1.72036
2005-12-09,5.59001,5.73,5.44998,5.67998,3338000,1.6906
2005-12-08,5.70999,5.73,5.54999,5.59001,1308300,1.66382
2005-12-07,5.67998,5.74,5.63999,5.70999,1038900,1.69953
2005-12-06,5.68998,5.69999,5.59998,5.67998,942800,1.6906
2005-12-05,5.66,5.90,5.59998,5.62999,884700,1.67572
2005-12-02,5.87999,5.89,5.79999,5.79999,1139100,1.72632
2005-12-01,5.87999,5.94999,5.85998,5.89,791800,1.75311
2005-11-30,6.04999,6.04999,5.79999,5.94999,1482400,1.77096
2005-11-29,5.99,6.14,5.91998,5.96999,4078200,1.77692
2005-11-28,5.96999,5.99,5.77998,5.86999,2256800,1.74715
2005-11-25,6.07,6.16001,5.99,5.99,1374800,1.78287
2005-11-24,6.04999,6.11999,5.94999,6.09998,1913700,1.81561
2005-11-23,5.84998,6.08001,5.83998,6.01998,1905100,1.7918
2005-11-22,6.12999,6.12999,5.90,5.91998,2866100,1.76203
2005-11-21,5.86999,6.18998,5.85998,6.12999,4537100,1.82454
2005-11-18,5.77998,5.98,5.69999,5.91998,3007100,1.76203
2005-11-17,5.71999,5.86999,5.60998,5.79999,2191200,1.72632
2005-11-16,5.75001,5.79999,5.55999,5.74,2013400,1.70846
2005-11-15,5.84998,5.85998,5.71999,5.75001,943100,1.71144
2005-11-14,5.69999,5.86999,5.69999,5.75001,1081100,1.71144
2005-11-11,5.82,5.87999,5.69999,5.75001,2085600,1.71144
2005-11-10,6.14,6.35999,5.83998,5.84998,4114900,1.7412
2005-11-09,5.99,6.08998,5.89,6.00998,2654400,1.78882
2005-11-08,6.00001,6.03999,5.87999,5.98,2463300,1.77989
2005-11-07,5.83998,6.07,5.77998,6.01998,2613600,1.7918
2005-11-04,5.89,5.98,5.54999,5.89,3556800,1.75311
2005-11-03,6.01998,6.08001,5.91,5.91998,2206000,1.76203
2005-11-02,5.90,6.08998,5.90,6.01998,2846200,1.7918
2005-11-01,5.91,6.04999,5.79999,5.96999,2533400,1.77692
2005-10-31,6.00001,6.20999,5.79999,5.96999,9483500,1.77692
2005-10-28,7.15998,7.22,6.43999,6.43999,4589100,1.91681
2005-10-27,7.05,7.33999,6.99998,7.15998,9695600,2.13111
2005-10-26,6.96,7.09999,6.83998,6.97,3905200,2.07456
2005-10-25,6.91998,7.07998,6.80,6.97,5502500,2.07456
2005-10-24,6.88,6.96,6.69999,6.81,2034500,2.02694
2005-10-21,6.81997,6.96,6.72,6.81997,2402200,2.02991
2005-10-20,6.94999,6.94999,6.67998,6.81,2181800,2.02694
2005-10-19,6.91998,7.06998,6.84999,6.94999,3637400,2.0686
2005-10-18,6.75998,6.90998,6.69999,6.89997,3021700,2.05372
2005-10-17,6.92999,7.05,6.69999,6.75998,3479300,2.01205
2005-10-14,6.85999,7.14,6.85999,7.05,5411900,2.09837
2005-10-13,7.07998,7.07998,6.84999,6.85999,1930100,2.04182
2005-10-12,6.99998,7.08998,6.86999,7.02999,2791500,2.09242
2005-10-11,6.86999,7.00998,6.82998,6.98998,1986400,2.08051
2005-10-10,6.80,6.91998,6.75998,6.86999,1970200,2.04479
2005-10-07,6.80,6.88,6.74998,6.80,000,2.02396
2005-10-06,6.80,6.88,6.74998,6.80,000,2.02396
2005-10-05,6.80,6.88,6.74998,6.80,000,2.02396
2005-10-04,6.80,6.88,6.74998,6.80,000,2.02396
2005-10-03,6.80,6.88,6.74998,6.80,000,2.02396
2005-09-30,6.80,6.88,6.74998,6.80,2011300,2.02396
2005-09-29,6.59998,6.80,6.56,6.79,2369900,2.02098
2005-09-28,6.66998,6.76999,6.57998,6.60999,1746800,1.96741
2005-09-27,6.88,6.94999,6.57998,6.68999,3533900,1.99122
2005-09-26,6.77999,6.96,6.72,6.88,1736300,2.04777
2005-09-23,6.99998,7.14,6.74998,6.77999,4093800,2.01801
2005-09-22,7.61,7.61,6.81,7.00998,6298700,2.08646
2005-09-21,7.29,7.67999,7.29,7.56998,6549400,2.25314
2005-09-20,7.45,7.48998,7.26999,7.30997,4283600,2.17575
2005-09-19,7.43999,7.50999,7.29,7.47998,3943000,2.22635
2005-09-16,7.58999,7.63997,7.43999,7.47998,2460300,2.22635
2005-09-15,7.51999,7.64998,7.41999,7.58999,3714000,2.25909
2005-09-14,7.67999,7.79997,7.40998,7.57998,7253800,2.25612
2005-09-13,7.63,7.87997,7.58999,7.70,4493400,2.29184
2005-09-12,7.53,7.68999,7.39998,7.67999,2925600,2.28588
2005-09-09,7.39998,7.79,7.30,7.53,5820000,2.24124
2005-09-08,7.50999,7.59999,7.34999,7.34999,4510500,2.18766
2005-09-07,7.27999,7.74999,7.24998,7.49998,7253400,2.2323
2005-09-06,7.00998,7.71,7.00998,7.38997,11540200,2.19956
2005-09-05,7.06998,7.21,6.93999,7.00998,4171800,2.08646
2005-09-02,6.81,7.26999,6.81,7.10999,7479600,2.11623
2005-09-01,6.72,6.94999,6.60999,6.90998,5705800,2.05669
2005-08-31,6.55,6.77999,6.49998,6.73998,4035400,2.00609
2005-08-30,6.74998,6.74998,6.52999,6.57001,4226500,1.9555
2005-08-29,7.01999,7.09999,6.71,6.77999,5756700,2.01801
2005-08-26,7.05,7.24998,6.94999,7.04,6124000,2.09539
2005-08-25,6.81,7.14998,6.67998,7.10999,7247800,2.11623
2005-08-24,6.80,6.89997,6.58998,6.73998,5205700,2.00609
2005-08-23,6.74998,6.98998,6.53999,6.82998,7960700,2.03288
2005-08-22,6.93999,7.20,6.75998,6.79,12108600,2.02098
2005-08-19,6.20999,6.88,6.19999,6.88,20211600,2.04777
2005-08-18,6.57998,6.96,6.15,6.24998,18115400,1.86025
2005-08-17,5.95999,6.55,5.95999,6.55,16860200,1.94955
2005-08-16,6.12999,6.16998,5.91998,5.94999,5964900,1.77096
2005-08-15,5.84998,6.14,5.83,6.11999,6437500,1.82156
2005-08-12,6.16998,6.18998,5.82,5.86999,8350400,1.74715
2005-08-11,6.16998,6.22,6.07,6.18998,6732600,1.84239
2005-08-10,5.94999,6.30,5.84998,6.15,12346400,1.83049
2005-08-09,5.84998,5.94999,5.75998,5.91998,7101300,1.76203
2005-08-08,5.65,5.90,5.65,5.84998,7453000,1.7412
2005-08-05,5.59001,5.67998,5.59001,5.66,3871800,1.68465
2005-08-04,5.76998,5.77998,5.57,5.58,4170700,1.66084
2005-08-03,5.75001,5.91,5.75001,5.78999,4821800,1.72334
2005-08-02,5.71999,5.77998,5.63999,5.76998,2622600,1.71738
2005-08-01,5.67998,5.77998,5.59998,5.66,3239500,1.68465
2005-07-29,5.78999,5.81,5.61999,5.69999,3866400,1.69655
2005-07-28,5.90,5.91,5.77998,5.81,4723000,1.72929
2005-07-27,5.73,5.91,5.67998,5.90,6419600,1.75608
2005-07-26,5.60998,5.73,5.51998,5.73,5297900,1.70548
2005-07-25,5.60998,5.71999,5.59001,5.62999,3176100,1.67572
2005-07-22,5.49,5.69999,5.48,5.60998,6360000,1.66976
2005-07-21,5.83998,5.86999,5.45999,5.49,9729800,1.63405
2005-07-20,5.91,6.00001,5.82,5.84998,5688300,1.7412
2005-07-19,5.75001,5.91998,5.70999,5.91,4134800,1.75906
2005-07-18,5.84998,5.91,5.70999,5.75998,2803700,1.71441
2005-07-15,5.70999,5.86999,5.67998,5.84998,6099600,1.7412
2005-07-14,5.93998,6.04999,5.67001,5.75001,9058900,1.71144
2005-07-13,6.01998,6.10999,5.89,5.93998,8600300,1.76798
2005-07-12,5.77998,6.12999,5.74,6.07,11393500,1.80668
2005-07-11,5.63999,5.99,5.62999,5.77998,8127500,1.72036
2005-07-08,5.73,5.85998,5.61999,5.62999,5380400,1.67572
2005-07-07,5.48,5.83998,5.48,5.77998,3726800,1.72036
2005-07-06,5.42998,5.62999,5.42998,5.50,1956400,1.63703
2005-07-05,5.59998,5.65,5.42998,5.61999,1757100,1.67274
2005-07-04,5.65,5.65,5.34998,5.61999,3179800,1.67274
2005-07-01,5.62999,5.92998,5.60998,5.68998,8460600,1.69357
2005-06-30,5.86999,5.86999,5.59998,5.67001,4172400,1.68763
2005-06-29,5.83,5.91998,5.73,5.91,4846800,1.75906
2005-06-28,5.69999,5.94999,5.58,5.83,10617100,1.73525
2005-06-27,5.57,5.84998,5.57,5.70999,6246500,1.69953
2005-06-24,5.34001,5.59001,5.29999,5.57,3447400,1.65786
2005-06-23,5.55999,5.68998,5.29999,5.34001,4382200,1.58941
2005-06-22,5.37999,5.63999,5.34998,5.53999,4028300,1.64893
2005-06-21,5.42998,5.53999,5.35998,5.43998,2146400,1.61916
2005-06-20,5.10001,5.42,5.02998,5.41,3020900,1.61024
2005-06-17,5.25,5.33,5.07,5.14999,2009500,1.53285
2005-06-16,5.19998,5.26001,5.08,5.24,2215800,1.55964
2005-06-15,5.29999,5.33,5.14999,5.21999,2250700,1.55368
2005-06-14,5.66,5.75001,5.26001,5.27998,5132600,1.57154
2005-06-13,5.59998,5.75998,5.44998,5.66,6454900,1.68465
2005-06-10,5.50,5.59998,5.35998,5.58,5430400,1.66084
2005-06-09,5.38999,5.67998,5.27998,5.49,7459700,1.63405
2005-06-08,5.00,5.49,5.00,5.42998,6766100,1.61618
2005-06-07,5.10001,5.16,5.00,5.01,2419300,1.49118
2005-06-06,4.92,5.04999,4.79999,5.04999,1545600,1.50308
2005-06-03,4.85998,4.96999,4.79999,4.95998,1375000,1.4763
2005-06-02,5.08,5.08,4.72999,4.85998,5020300,1.44653
2005-06-01,5.10998,5.13999,4.96999,5.03998,1607300,1.50011
2005-05-31,5.07,5.18001,5.07,5.13999,1143900,1.52987
2005-05-30,5.01,5.18001,4.96999,5.10001,1842300,1.51797
2005-05-27,5.00,5.20999,4.97999,5.13999,2179800,1.52987
2005-05-26,5.36998,5.44998,5.05999,5.07,4646200,1.50904
2005-05-25,5.58,5.62999,5.36998,5.41,3478400,1.61024
2005-05-24,5.48,5.67998,5.44998,5.63999,4201300,1.6787
2005-05-23,5.37999,5.53999,5.29999,5.51001,2844000,1.64001
2005-05-20,5.42998,5.50,5.35998,5.41,2577900,1.61024
2005-05-19,5.57,5.58,5.34998,5.43998,3053800,1.61916
2005-05-18,5.51998,5.69999,5.41,5.62999,3855400,1.67572
2005-05-17,5.59998,5.82,5.40,5.65,4726200,1.68167
2005-05-16,5.65,5.65,5.65,5.65,000,1.68167
2005-05-13,5.51998,5.84998,5.44998,5.65,7294800,1.68167
2005-05-12,6.18998,6.19999,5.44998,5.57,14509500,1.65786
2005-05-11,5.55999,5.89,5.46999,5.82,11767200,1.73227
2005-05-10,5.27998,5.50,5.14999,5.49,3156900,1.63405
2005-05-09,5.32,5.51001,5.04999,5.22999,2861400,1.55666
2005-05-06,5.34998,5.50,5.28999,5.37999,000,1.60131
2005-05-05,5.34998,5.50,5.28999,5.37999,000,1.60131
2005-05-04,5.34998,5.50,5.28999,5.37999,000,1.60131
2005-05-03,5.34998,5.50,5.28999,5.37999,000,1.60131
2005-05-02,5.34998,5.50,5.28999,5.37999,000,1.60131
2005-04-29,5.34998,5.50,5.28999,5.37999,3845700,1.60131
2005-04-28,5.00,5.42,5.00,5.36998,4838100,1.59833
2005-04-27,5.04999,5.25,5.00,5.08,3374300,1.41534
2005-04-26,4.69998,5.17,4.69998,5.05999,5342900,1.40977
2005-04-25,4.89999,4.91,4.53001,4.69998,2316600,1.30946
2005-04-22,4.96999,5.03998,4.89999,4.94001,1363100,1.37634
2005-04-21,4.95998,5.05999,4.89999,4.96999,1979400,1.38469
2005-04-20,5.11998,5.13999,4.95998,4.95998,2132400,1.38191
2005-04-19,4.71999,5.16,4.69998,5.10998,5672500,1.4237
2005-04-18,4.75,4.79999,4.60,4.75,2241900,1.3234
2005-04-15,5.18001,5.24,4.71999,4.81999,5796700,1.3429
2005-04-14,5.27998,5.32,5.20999,5.24,2478600,1.45992
2005-04-13,5.34998,5.42,5.19998,5.25,3468900,1.46271
2005-04-12,5.26998,5.36998,5.19998,5.28999,2317600,1.47385
2005-04-11,5.42998,5.55999,5.26001,5.26998,4290600,1.46827
2005-04-08,5.44998,5.58,5.35998,5.51001,5075700,1.53515
2005-04-07,5.53999,5.69999,5.46999,5.50,8951200,1.53236
2005-04-06,5.50,5.67001,5.35998,5.54999,8957700,1.54629
2005-04-05,5.33,5.53999,5.14999,5.51998,6560800,1.53793
2005-04-04,5.42998,5.59001,5.29999,5.33,7409900,1.485
2005-04-01,5.27998,5.59998,5.21999,5.51001,13729900,1.53515
2005-03-31,4.97999,5.38999,4.85001,5.32,7231600,1.48221
2005-03-30,5.25,5.25,4.92,4.96999,3694200,1.38469
2005-03-29,5.18001,5.44998,5.05999,5.24,8005400,1.45992
2005-03-28,5.13999,5.25,4.88999,5.22999,4022200,1.45713
2005-03-25,5.18998,5.26001,5.09,5.12999,5164000,1.42927
2005-03-24,4.79999,5.16,4.61998,5.14999,5076400,1.43484
2005-03-23,5.10001,5.29999,4.89999,4.92,13570000,1.37077
2005-03-22,5.01,5.01,5.01,5.01,4262400,1.39584
2005-03-21,4.39999,4.56999,4.34,4.54998,2732700,1.26767
2005-03-18,4.96999,5.04999,4.51,4.51,6859000,1.25653
2005-03-17,5.07,5.24,5.00,5.01,4857900,1.39584
2005-03-16,5.26998,5.32,5.05999,5.10001,5694700,1.42092
2005-03-15,5.42,5.43998,5.25,5.28999,7144000,1.47385
2005-03-14,5.24,5.44998,5.17,5.38999,8662000,1.50171
2005-03-11,5.11998,5.35998,5.01,5.26998,8043200,1.46827
2005-03-10,5.07,5.22999,4.95998,5.19998,12977700,1.44877
2005-03-09,4.79999,5.07,4.77998,5.07,16608300,1.41256
2005-03-08,4.61001,4.61001,4.61001,4.61001,000,1.2844
2005-03-07,4.61001,4.68,4.60,4.61001,149200,1.2844
2005-03-04,4.61998,4.69998,4.61001,4.61001,276900,1.2844
2005-03-03,4.67,4.69001,4.58,4.64999,399900,1.29554
2005-03-02,4.77001,4.77001,4.64999,4.69998,444600,1.30946
2005-03-01,4.75,4.76,4.66,4.72999,384800,1.31783
2005-02-28,4.78998,4.80999,4.69001,4.70998,431300,1.31225
2005-02-25,4.69001,4.83,4.66,4.80999,806000,1.34011
2005-02-24,4.77998,4.79999,4.63999,4.72999,636500,1.31783
2005-02-23,4.69998,4.79999,4.64999,4.77001,683300,1.32898
2005-02-22,4.58,4.69998,4.58,4.69001,895100,1.30669
2005-02-21,4.44001,4.60,4.44001,4.58,358000,1.27604
2005-02-18,4.45001,4.53001,4.44001,4.48999,315600,1.25096
2005-02-17,4.36998,4.54998,4.36001,4.53001,285100,1.26211
2005-02-16,4.47999,4.54998,4.43,4.52,274400,1.25932
2005-02-15,4.29998,4.45001,4.29998,4.38999,000,1.2231
2005-02-14,4.29998,4.45001,4.29998,4.38999,000,1.2231
2005-02-11,4.29998,4.45001,4.29998,4.38999,000,1.2231
2005-02-10,4.29998,4.45001,4.29998,4.38999,000,1.2231
2005-02-09,4.29998,4.45001,4.29998,4.38999,000,1.2231
2005-02-08,4.29998,4.45001,4.29998,4.38999,000,1.2231
2005-02-07,4.29998,4.45001,4.29998,4.38999,000,1.2231
2005-02-04,4.29998,4.45001,4.29998,4.38999,334200,1.2231
2005-02-03,4.30999,4.47999,4.25,4.26,425000,1.18688
2005-02-02,4.10,4.39999,4.10,4.30999,465000,1.20081
2005-02-01,4.25,4.35,4.10,4.10,392200,1.1423
2005-01-31,4.51,4.51,4.20001,4.21998,512500,1.17573
2005-01-28,4.60,4.67,4.50,4.51,998800,1.25653
2005-01-27,4.92,4.92,4.81999,4.83,238000,1.34569
2005-01-26,4.95998,4.95998,4.86998,4.92,351200,1.37077
2005-01-25,4.87999,4.95998,4.86998,4.91,394600,1.36798
2005-01-24,4.95998,5.00,4.89999,4.94001,503500,1.37634
2005-01-21,4.78998,4.87999,4.69998,4.84,309300,1.34848
2005-01-20,4.77998,4.85001,4.72999,4.73999,282400,1.32061
2005-01-19,4.85001,4.87999,4.77001,4.79999,266600,1.33733
2005-01-18,4.85998,4.94001,4.70998,4.86998,537500,1.35683
2005-01-17,4.88999,4.92,4.76,4.85998,586200,1.35404
2005-01-14,5.13999,5.17,4.94998,4.95998,669700,1.38191
2005-01-13,5.00,5.13999,4.96999,5.10998,853700,1.4237
2005-01-12,4.83,5.12999,4.81999,5.02998,1242300,1.40141
2005-01-11,4.93001,4.94998,4.79999,4.83,224900,1.34569
2005-01-10,4.94001,4.94001,4.83,4.92,178900,1.37077
2005-01-07,4.88999,4.94998,4.84,4.89999,205200,1.36519
2005-01-06,4.97999,4.97999,4.79999,4.85001,378000,1.35126
2005-01-05,4.89999,4.99,4.87999,4.97999,270800,1.38748
2005-01-04,5.00,5.04999,4.85001,4.89999,859600,1.36519
2005-01-03,4.99,5.40,4.79999,5.09,000,1.41813
2004-12-31,4.99,5.40,4.79999,5.09,2485000,1.41813
2004-12-30,4.94998,5.08,4.79999,5.03998,689100,1.40419
2004-12-29,4.87999,4.99,4.85001,4.97999,474700,1.38748
2004-12-28,4.87999,4.97999,4.79999,4.89999,539200,1.36519
2004-12-27,4.85998,4.96999,4.83,4.88999,259800,1.3624
2004-12-24,5.02998,5.02998,4.85001,4.86998,350700,1.35683
2004-12-23,5.05999,5.05999,4.89999,4.89999,255900,1.36519
2004-12-22,4.94001,5.10001,4.92,5.02998,558400,1.40141
2004-12-21,4.93001,4.94998,4.84,4.87999,177300,1.35962
2004-12-20,4.78998,4.97999,4.70998,4.85001,742800,1.35126
2004-12-17,4.75,4.83,4.70998,4.76,332100,1.32619
2004-12-16,4.85001,4.94998,4.72999,4.78998,330100,1.33454
2004-12-15,4.77998,4.88999,4.70998,4.87999,661200,1.35962
2004-12-14,4.88999,4.94998,4.83,4.87999,471900,1.35962
2004-12-13,4.89999,4.94998,4.72999,4.81999,1330900,1.3429
2004-12-10,5.34998,5.34998,4.85001,4.93001,2009400,1.37355
2004-12-09,5.30999,5.41,5.19998,5.30999,846100,1.47942
2004-12-08,5.30999,5.41,5.26001,5.35998,841100,1.49335
2004-12-07,5.50,5.53999,5.26998,5.30999,1378300,1.47942
2004-12-06,5.65,5.65,5.46999,5.50,2852600,1.53236
2004-12-03,5.29999,5.70999,5.29999,5.66,5324300,1.57694
2004-12-02,5.17,5.29999,5.12999,5.28999,657700,1.47385
2004-12-01,5.25,5.25,5.12999,5.13999,555900,1.43206
2004-11-30,5.12999,5.21999,5.12999,5.18998,885100,1.44598
2004-11-29,5.27998,5.42998,5.14999,5.17,816100,1.44042
2004-11-26,5.22999,5.38999,5.21999,5.29999,602900,1.47663
2004-11-25,5.21999,5.38999,5.12999,5.28999,1383900,1.47385
2004-11-24,5.49,5.53999,5.29999,5.32,1778600,1.48221
2004-11-23,5.42,5.54999,5.35998,5.53999,2014200,1.5435
2004-11-22,5.29999,5.50,5.29999,5.40,2335700,1.5045
2004-11-19,5.34998,5.34998,5.19998,5.27998,1002200,1.47106
2004-11-18,5.12999,5.26001,5.09,5.25,1074200,1.46271
2004-11-17,5.18998,5.18998,5.02998,5.08,975100,1.41534
2004-11-16,5.30999,5.35998,5.10998,5.18001,1228900,1.44321
2004-11-15,5.20999,5.50,5.18001,5.30999,1094600,1.47942
2004-11-12,5.26998,5.38999,5.18998,5.26998,1627900,1.46827
2004-11-11,5.19998,5.34998,5.18001,5.26001,2726200,1.46549
2004-11-10,5.01,5.26001,4.97999,5.24,2022300,1.45992
2004-11-09,5.02001,5.04999,4.94998,5.03998,999700,1.40419
2004-11-08,4.95998,5.13999,4.88999,5.04999,3857700,1.40698
2004-11-05,4.81999,4.94998,4.79999,4.89999,626000,1.36519
2004-11-04,4.91,4.96999,4.77998,4.77998,660300,1.33175
2004-11-03,4.89999,5.00,4.77998,4.93001,873000,1.37355
2004-11-02,4.78998,4.87999,4.73999,4.87999,441000,1.35962
2004-11-01,4.79999,4.85001,4.70998,4.79999,894200,1.33733
2004-10-29,4.91,4.96999,4.79999,4.86998,1641900,1.35683
2004-10-28,5.37999,5.43998,5.05999,5.09,4332300,1.41813
2004-10-27,4.97999,5.28999,4.79999,5.24,3564400,1.45992
2004-10-26,4.87999,4.89999,4.69998,4.86998,857500,1.35683
2004-10-25,4.70998,5.08,4.68,4.89999,1681800,1.36519
2004-10-22,4.67,4.84,4.37998,4.76,1183800,1.32619
2004-10-21,4.94998,4.96999,4.61001,4.64999,2089400,1.29554
2004-10-20,5.20999,5.20999,4.92,4.96999,1279400,1.38469
2004-10-19,5.19998,5.32,5.16,5.20999,1414100,1.45156
2004-10-18,5.24,5.27998,5.02001,5.19998,1619100,1.44877
2004-10-15,5.35998,5.42,5.11998,5.25,1076300,1.46271
2004-10-14,5.82,5.82,5.30999,5.36998,1195800,1.49614
2004-10-13,5.79999,5.83,5.62999,5.82,1200100,1.62151
2004-10-12,5.87999,5.94999,5.77998,5.81,1507100,1.61873
2004-10-11,6.15,6.15,5.74,6.00001,4043800,1.67167
2004-10-08,6.19999,6.36999,6.09998,6.32998,589800,1.7636
2004-10-07,6.32998,6.34998,6.16001,6.16998,000,1.71902
2004-10-06,6.32998,6.34998,6.16001,6.16998,000,1.71902
2004-10-05,6.32998,6.34998,6.16001,6.16998,000,1.71902
2004-10-04,6.32998,6.34998,6.16001,6.16998,000,1.71902
2004-10-01,6.32998,6.34998,6.16001,6.16998,000,1.71902
2004-09-30,6.32998,6.34998,6.16001,6.16998,672300,1.71902
2004-09-29,6.50998,6.50998,6.32998,6.33998,469900,1.76639
2004-09-28,6.42998,6.52999,6.30,6.49001,592200,1.80819
2004-09-27,6.61999,6.77999,6.32,6.33998,1165600,1.76639
2004-09-24,7.04,7.06,6.57998,6.58998,2078100,1.83604
2004-09-23,6.81997,6.98001,6.65998,6.96,1235400,1.93913
2004-09-22,7.16998,7.16998,6.74998,6.88,2943100,1.91684
2004-09-21,7.07998,7.17999,6.81997,7.17999,6301000,2.00042
2004-09-20,6.52999,6.52999,6.52999,6.52999,000,1.81933
2004-09-17,6.26998,6.57001,6.26998,6.52999,1617400,1.81933
2004-09-16,6.23,6.34998,6.15,6.33998,1185200,1.76639
2004-09-15,5.91,6.47,5.91,6.23,2064500,1.73575
2004-09-14,5.58,5.99,5.57,5.93998,917500,1.65494
2004-09-13,5.77998,5.77998,5.50,5.59998,491200,1.56021
2004-09-10,5.75001,5.83998,5.73,5.81,120100,1.61873
2004-09-09,5.81,5.91998,5.71999,5.83,217700,1.6243
2004-09-08,5.87999,5.93998,5.79999,5.93998,413800,1.65494
2004-09-07,5.94999,5.98,5.85998,5.95999,289700,1.66052
2004-09-06,5.91,5.96999,5.89,5.96999,190900,1.6633
2004-09-03,5.82,6.01998,5.82,5.93998,484800,1.65494
2004-09-02,5.83998,5.93998,5.70999,5.92998,622100,1.65216
2004-09-01,5.90,5.90,5.81,5.85998,448200,1.63265
2004-08-31,5.90,6.09998,5.84998,5.98,1305600,1.66609
2004-08-30,5.63999,6.12999,5.58,5.84998,1343500,1.62987
2004-08-27,5.67001,5.69999,5.50,5.62999,453200,1.56858
2004-08-26,5.82,5.84998,5.67001,5.75998,755200,1.60479
2004-08-25,5.81,5.87999,5.69999,5.82,982100,1.62151
2004-08-24,5.54999,5.91998,5.54999,5.81,778100,1.61873
2004-08-23,5.67998,5.69999,5.50,5.60998,330500,1.563
2004-08-20,5.83998,5.91998,5.62999,5.73,253500,1.59644
2004-08-19,5.94999,5.94999,5.63999,5.67998,550900,1.5825
2004-08-18,6.00001,6.08001,5.96999,5.98,247000,1.66609
2004-08-17,6.04999,6.04999,5.91998,6.01998,230600,1.67723
2004-08-16,5.92998,6.01998,5.91998,5.95999,186400,1.66052
2004-08-13,5.91,6.09998,5.90,6.01998,192600,1.67723
2004-08-12,6.15,6.15,5.90,5.92998,669000,1.65216
2004-08-11,6.34998,6.34998,6.09998,6.19999,349800,1.72738
2004-08-10,6.31,6.44999,6.31,6.40,202800,1.78311
2004-08-09,6.44999,6.45999,6.24998,6.30,564600,1.75525
2004-08-06,6.49998,6.55,6.37999,6.45999,247200,1.79982
2004-08-05,6.51999,6.57998,6.43999,6.51999,558600,1.81654
2004-08-04,6.40,6.68999,6.40,6.57998,961400,1.83325
2004-08-03,6.30,6.39,6.30,6.39,430500,1.78032
2004-08-02,6.37999,6.53999,6.23,6.32998,303000,1.7636
2004-07-30,6.56,6.63,6.28999,6.33998,738400,1.76639
2004-07-29,6.58998,6.58998,6.40,6.56,357400,1.82769
2004-07-28,6.27999,6.48,6.27999,6.45999,332300,1.79982
2004-07-27,6.72,6.74998,6.22,6.32998,929000,1.7636
2004-07-26,7.14998,7.14998,6.79,6.81,796300,1.89734
2004-07-23,7.10999,7.30,7.07998,7.16998,452900,1.99763
2004-07-22,7.20,7.22997,7.05,7.07998,488800,1.97256
2004-07-21,7.22,7.26999,7.14998,7.20,252300,2.006
2004-07-20,7.12,7.27999,7.12,7.25999,613600,2.02271
2004-07-19,7.34999,7.34999,7.09999,7.21,614800,2.00878
2004-07-16,7.16998,7.34999,7.09999,7.30997,1332200,2.03664
2004-07-15,7.14998,7.25999,7.01999,7.17999,890000,2.00042
2004-07-14,7.59999,7.97998,7.00998,7.18999,942900,2.00321
2004-07-13,7.99999,7.99999,7.45,7.59999,851900,2.11744
2004-07-12,8.39998,8.47998,7.97998,7.99999,541700,2.22888
2004-07-09,8.47998,8.54998,8.29998,8.37998,410200,2.33475
2004-07-08,8.47998,8.56999,8.27,8.40999,615800,2.34311
2004-07-07,8.63998,8.74999,8.30998,8.47998,596900,2.36261
2004-07-06,8.64999,8.72998,8.53997,8.58999,641100,2.39326
2004-07-05,8.57999,8.68,8.49999,8.56999,548500,2.38769
2004-07-02,8.53,8.65999,8.41999,8.62998,1576100,2.4044
2004-07-01,8.31998,8.57999,8.29998,8.53,1658100,2.37655
2004-06-30,8.25999,8.35,8.20,8.22998,852300,2.29296
2004-06-29,8.29998,8.35,8.17999,8.28997,813900,2.30968
2004-06-28,8.29998,8.45,8.17999,8.22998,1091600,2.29296
2004-06-25,8.69997,8.82999,8.25999,8.29998,2372700,2.31246
2004-06-24,8.49999,8.81999,8.49999,8.71998,3928300,2.42948
2004-06-23,8.49999,8.49999,8.49999,8.49999,000,2.36819
2004-06-22,8.47998,8.62998,8.45,8.49999,1738300,2.36819
2004-06-21,8.38998,8.45,8.30998,8.43,1075300,2.34869
2004-06-18,8.31998,8.37998,8.20997,8.30998,1012700,2.31525
2004-06-17,8.45,8.45,8.20,8.33999,1229500,2.32361
2004-06-16,8.24999,8.41999,8.24999,8.31998,1154000,2.31804
2004-06-15,8.20,8.35,8.09999,8.24999,921800,2.29854
2004-06-14,8.35,8.45,8.04997,8.14998,1678200,2.27067
2004-06-11,8.28997,8.45,8.25999,8.29998,618400,2.31246
2004-06-10,8.14998,8.39998,8.12997,8.28997,1140300,2.30968
2004-06-09,8.60,8.60,8.09999,8.12997,1169300,2.2651
2004-06-08,8.69997,8.69997,8.40999,8.48999,977300,2.3654
2004-06-07,8.85,8.85,8.56999,8.65999,553400,2.41277
2004-06-04,8.74999,8.86997,8.71998,8.81999,787300,2.45734
2004-06-03,9.02,9.04998,8.71998,8.77,1883800,2.44342
2004-06-02,8.82999,9.07999,8.79998,9.01,2612100,2.51028
2004-06-01,8.60,8.78998,8.54998,8.78998,1261300,2.44898
2004-05-31,8.74999,8.77,8.53,8.55998,825700,2.3849
2004-05-28,8.71998,8.87998,8.68,8.69997,1454400,2.42391
2004-05-27,8.49999,8.69997,8.25999,8.68,1291600,2.41834
2004-05-26,8.37998,8.47998,8.25999,8.43,854000,2.34869
2004-05-25,8.82999,8.82999,8.36,8.38998,1273900,2.33754
2004-05-24,8.98999,9.02997,8.70998,8.76,653500,2.44063
2004-05-21,9.07999,9.07999,8.78998,8.85997,1018200,2.46848
2004-05-20,9.15999,9.15999,8.94,8.97999,984100,2.50192
2004-05-19,9.09,9.27998,8.98999,9.07999,1715400,2.52978
2004-05-18,8.39998,9.34997,8.39998,9.10,2320700,2.53536
2004-05-17,8.97999,9.04998,8.79998,8.96998,1320900,2.49913
2004-05-14,9.27998,9.29998,8.89999,8.94997,1944900,2.49356
2004-05-13,9.25,9.37998,9.10,9.15999,1936300,2.55207
2004-05-12,8.74999,9.39999,8.74999,9.21998,3213200,2.56879
2004-05-11,8.70998,9.07999,8.69997,8.81999,994200,2.45734
2004-05-10,9.39999,9.44998,8.87998,8.91999,2312600,2.48521
2004-05-07,9.25,9.50,9.20998,9.27998,000,2.5855
2004-05-06,9.25,9.50,9.20998,9.27998,000,2.5855
2004-05-05,9.25,9.50,9.20998,9.27998,000,2.5855
2004-05-04,9.25,9.50,9.20998,9.27998,000,2.5855
2004-05-03,9.25,9.50,9.20998,9.27998,000,2.5855
2004-04-30,9.25,9.50,9.20998,9.27998,2795000,2.5855
2004-04-29,9.86998,10.04999,8.99999,9.20998,3318800,2.566
2004-04-28,10.41997,10.49997,9.60998,9.89999,7094600,2.75824
2004-04-27,10.35998,10.59998,10.20999,10.46999,7925400,2.91705
2004-04-26,10.16,10.37999,10.00997,10.33997,4752600,2.88083
2004-04-23,10.32997,10.37999,9.94998,10.08997,5842200,2.81117
2004-04-22,10.00,10.38999,10.00,10.35998,5733200,2.8864
2004-04-21,10.43998,10.48,9.89999,10.08,4299200,2.8084
2004-04-20,10.08,10.40,9.77998,10.38999,7010800,2.89476
2004-04-19,10.16997,10.34998,9.84997,9.87999,3717700,2.75267
2004-04-16,9.75997,10.28999,9.67997,10.16997,5970200,2.83346
2004-04-15,9.29998,10.25997,9.20998,9.75,6350600,2.71645
2004-04-14,9.51997,9.54998,9.19998,9.32999,978100,2.59944
2004-04-13,9.50,9.61998,9.43997,9.51997,1453000,2.65237
2004-04-12,9.39999,9.59997,9.29998,9.47999,1134100,2.64123
2004-04-09,9.89999,9.92,9.50,9.51997,1766200,2.65237
2004-04-08,10.08,10.08,9.85998,9.93998,1981400,2.76938
2004-04-07,10.12999,10.18998,10.02998,10.08997,1697400,2.81117
2004-04-06,10.19998,10.28999,9.94998,10.09998,2637000,2.81396
2004-04-05,10.09998,10.19998,10.04999,10.19998,2740600,2.84182
2004-04-02,10.09998,10.29999,9.92,10.07,5178600,2.80561
2004-04-01,9.75,10.09998,9.64999,10.05999,4669700,2.80282
2004-03-31,9.54998,9.92,9.54998,9.72999,3223500,2.71088
2004-03-30,9.46999,9.54998,9.29998,9.51,1863600,2.64959
2004-03-29,9.38999,9.51997,9.19998,9.45998,2315400,2.63565
2004-03-26,9.59,9.59,9.39999,9.39999,2042200,2.61894
2004-03-25,9.29998,9.62998,9.29998,9.59,4643000,2.67188
2004-03-24,9.21998,9.38999,9.18,9.32999,1568900,2.59944
2004-03-23,9.35997,9.42,9.14999,9.19998,1238800,2.56321
2004-03-22,9.26997,9.42,9.21998,9.35997,1191200,2.60779
2004-03-19,9.18997,9.28998,9.04998,9.26997,1769200,2.58271
2004-03-18,9.47999,9.54998,9.15999,9.18997,1089700,2.56042
2004-03-17,9.52998,9.58,9.42,9.47999,1169500,2.64123
2004-03-16,9.42,9.58,9.42,9.52998,1563500,2.65515
2004-03-15,9.37998,9.43997,9.26997,9.40999,1197000,2.62173
2004-03-12,9.34997,9.42,9.29998,9.37998,930300,2.61336
2004-03-11,9.39999,9.39999,9.19998,9.37998,1455400,2.61336
2004-03-10,9.25,9.43997,9.19998,9.42,949900,2.62451
2004-03-09,9.10,9.29998,9.10,9.27998,1091800,2.5855
2004-03-08,9.35997,9.44998,9.10997,9.12998,602400,2.54371
2004-03-05,9.32999,9.40999,9.31999,9.36998,1003100,2.61058
2004-03-04,9.31999,9.32999,8.99999,9.32999,1918800,2.59944
2004-03-03,9.50,9.58,9.14999,9.31999,1308400,2.59665
2004-03-02,9.69998,9.75,9.39999,9.54998,1376500,2.66073
2004-03-01,9.47999,9.79999,9.44998,9.69998,1894400,2.70252
2004-02-27,9.42,9.58,9.32999,9.46999,1315600,2.63844
2004-02-26,9.59997,9.67997,9.29998,9.37998,1606000,2.61336
2004-02-25,9.84997,10.04999,9.43,9.67,2077000,2.69417
2004-02-24,10.00,10.27998,9.52998,9.79999,2817500,2.73038
2004-02-23,10.54999,10.77998,10.14999,10.19998,3108100,2.84182
2004-02-20,10.49997,10.65,10.41997,10.58997,2516100,2.95048
2004-02-19,10.48,10.65,10.35998,10.53999,3497400,2.93655
2004-02-18,10.58997,10.60998,10.32997,10.48,5897600,2.91984
2004-02-17,9.93998,10.89,9.89999,10.58997,9541500,2.95048
2004-02-16,9.79999,9.94998,9.67997,9.93998,3443700,2.76938
2004-02-13,9.76997,10.02998,9.69998,9.78998,2275600,2.72759
2004-02-12,10.09998,10.18998,9.80999,9.92997,3435300,2.7666
2004-02-11,9.97999,10.26998,9.97999,10.09998,4164200,2.81396
2004-02-10,9.79999,10.08997,9.75,10.00,4520900,2.78611
2004-02-09,9.72999,9.86998,9.64999,9.80999,2139600,2.73317
2004-02-06,10.24997,10.24997,9.76997,9.77998,2733200,2.72481
2004-02-05,9.97999,10.27998,9.95998,10.24997,4248400,2.85575
2004-02-04,10.04999,10.09998,9.80999,9.95998,4017900,2.77496
2004-02-03,10.01998,10.01998,9.58,9.93998,3066000,2.76938
2004-02-02,10.09998,10.24997,9.69998,10.01998,3588400,2.79167
2004-01-30,9.54998,10.24997,9.50,10.02998,4378000,2.79446
2004-01-29,9.42,9.59997,9.10,9.53998,1664100,2.65794
2004-01-28,8.87998,9.45998,8.62998,9.42,000,2.62451
2004-01-27,8.87998,9.45998,8.62998,9.42,000,2.62451
2004-01-26,8.87998,9.45998,8.62998,9.42,000,2.62451
2004-01-23,8.87998,9.45998,8.62998,9.42,000,2.62451
2004-01-22,8.87998,9.45998,8.62998,9.42,000,2.62451
2004-01-21,8.87998,9.45998,8.62998,9.42,000,2.62451
2004-01-20,8.87998,9.45998,8.62998,9.42,000,2.62451
2004-01-19,8.87998,9.45998,8.62998,9.42,000,2.62451
2004-01-16,8.87998,9.45998,8.62998,9.42,2645600,2.62451
2004-01-15,9.39999,9.58,8.61997,9.05999,2700100,2.52421
2004-01-14,9.58,9.66,9.36998,9.46999,2476500,2.63844
2004-01-13,9.51997,9.69998,9.34997,9.58,2677900,2.66909
2004-01-12,9.32999,9.59,9.32999,9.55999,2165700,2.66352
2004-01-09,9.67997,9.67997,9.32999,9.36998,2364200,2.61058
2004-01-08,9.44998,9.68998,9.25,9.67,3433100,2.69417
2004-01-07,9.91,10.04999,9.29998,9.43,2849300,2.6273
2004-01-06,9.67997,10.32,9.67997,9.91,3633200,2.76103
2004-01-05,9.87999,9.94998,9.51997,9.71999,4161200,2.70809
2004-01-02,10.09998,10.19998,9.79999,9.97999,2997000,2.78053
2004-01-01,10.00,10.40,9.89999,10.32997,000,2.87804
2003-12-31,10.00,10.40,9.89999,10.32997,6798800,2.87804
2003-12-30,10.16,10.49997,9.81999,10.37999,5409700,2.89198
2003-12-29,9.64999,10.40,9.64999,10.16997,7640100,2.83346
2003-12-26,9.34997,9.67997,9.25,9.47999,6694200,2.64123
2003-12-25,8.69997,9.54998,8.61,9.34997,7489800,2.605
2003-12-24,8.65999,8.78998,8.60,8.68,3655500,2.41834
2003-12-23,8.47998,8.72998,8.47998,8.65999,3922500,2.41277
2003-12-22,8.47998,8.55998,8.32999,8.53,2506600,2.37655
2003-12-19,8.61,8.65999,8.30998,8.47998,3734800,2.36261
2003-12-18,8.54998,8.68,8.50999,8.61,3416300,2.39884
2003-12-17,8.48999,8.57999,8.48999,8.50999,2520400,2.37098
2003-12-16,8.57999,8.57999,8.32999,8.49999,1271200,2.36819
2003-12-15,8.45997,8.66999,8.40999,8.57999,2454100,2.39048
2003-12-12,8.33999,8.45997,8.33999,8.45997,1727700,2.35704
2003-12-11,8.49999,8.53,8.32999,8.38998,1697000,2.33754
2003-12-10,8.45,8.55998,8.36997,8.46998,1610300,2.35983
2003-12-09,8.39998,8.43,8.29998,8.38998,540400,2.33754
2003-12-08,8.39998,8.58999,8.36,8.39998,2408600,2.34033
2003-12-05,8.21998,8.44,8.20,8.44,1546900,2.35147
2003-12-04,8.24999,8.39998,8.20997,8.23999,1508800,2.29575
2003-12-03,8.17999,8.45,8.17999,8.32999,1230600,2.32082
2003-12-02,8.43,8.52,8.28,8.31998,2410100,2.31804
2003-12-01,8.25999,8.45997,8.25999,8.45,2543900,2.35426
2003-11-28,8.07999,8.28,8.06998,8.25999,1613700,2.30132
2003-11-27,8.27,8.27,8.02,8.12,1346800,2.26232
2003-11-26,8.23999,8.36997,8.20997,8.28997,851700,2.30968
2003-11-25,8.39998,8.45997,8.17999,8.33999,1068800,2.32361
2003-11-24,8.04997,8.45997,8.04997,8.37998,1408100,2.33475
2003-11-21,8.37998,8.39998,8.02,8.15999,1039900,2.27346
2003-11-20,8.11,8.37998,8.11,8.37998,1844600,2.33475
2003-11-19,7.99999,8.23999,7.99999,8.19,1758000,2.28182
2003-11-18,8.02,8.09999,7.95,8.05998,602800,2.2456
2003-11-17,8.00999,8.12,7.99999,8.00999,336200,2.23167
2003-11-14,7.89998,8.11,7.89998,8.09999,280400,2.25675
2003-11-13,7.99999,8.09999,7.89998,8.03,489500,2.23724
2003-11-12,8.00999,8.09999,7.90998,7.99999,322500,2.22888
2003-11-11,8.09999,8.19,7.89998,8.19,800600,2.28182
2003-11-10,7.79997,8.17999,7.71,8.14998,1318500,2.27067
2003-11-07,7.75999,7.90998,7.70,7.88998,758000,2.19823
2003-11-06,8.09999,8.37998,7.76999,7.96,1251600,2.21774
2003-11-05,7.94,8.21998,7.79997,8.07999,1842200,2.25117
2003-11-04,7.75999,8.07999,7.65998,7.95,1771100,2.21496
2003-11-03,7.72998,7.83999,7.61,7.81998,304600,2.17873
2003-10-31,7.63,7.83999,7.63,7.72998,1091300,2.15365
2003-10-30,7.59999,7.74999,7.56998,7.72998,520300,2.15365
2003-10-29,7.79997,7.87,7.42999,7.65998,996200,2.13415
2003-10-28,7.99999,8.20,7.55998,7.81998,1688100,2.17873
2003-10-27,8.35,8.35,7.95,7.99999,466000,2.22888
2003-10-24,8.29998,8.43,8.20,8.35,1001800,2.3264
2003-10-23,8.54998,8.70998,8.29998,8.29998,639900,2.31246
2003-10-22,8.28997,8.63998,8.28,8.61,2124100,2.39884
2003-10-21,8.57999,8.64999,8.12,8.28,1640800,2.3069
2003-10-20,8.72998,9.07999,8.62998,8.63998,420300,2.40719
2003-10-17,8.69997,8.82999,8.57999,8.68,721000,2.41834
2003-10-16,8.94997,9.26,8.69997,8.70998,877000,2.42669
2003-10-15,8.85,8.89999,8.80998,8.86997,761800,2.47127
2003-10-14,8.81999,8.98999,8.81999,8.87998,1041600,2.47406
2003-10-13,9.10997,9.10997,8.94,8.97999,370500,2.50192
2003-10-10,8.85997,9.10997,8.78998,9.10,735900,2.53536
2003-10-09,8.90999,9.29998,8.85,8.89999,392900,2.47963
2003-10-08,8.74999,8.93,8.74999,8.90999,497100,2.48242
2003-10-07,8.84,9.19998,8.57999,9.02997,000,2.51585
2003-10-06,8.84,9.19998,8.57999,9.02997,000,2.51585
2003-10-03,8.84,9.19998,8.57999,9.02997,000,2.51585
2003-10-02,8.84,9.19998,8.57999,9.02997,000,2.51585
2003-10-01,8.84,9.19998,8.57999,9.02997,000,2.51585
2003-09-30,8.84,9.19998,8.57999,9.02997,1488900,2.51585
2003-09-29,8.93,8.96998,8.77997,8.84,1200300,2.46292
2003-09-26,9.02997,9.20998,8.86997,8.97999,546100,2.50192
2003-09-25,9.25,9.31999,9.11998,9.12998,1972500,2.54371
2003-09-24,8.93,9.40999,8.90999,9.32999,3516300,2.59944
2003-09-23,9.04998,9.04998,8.79998,8.98999,746200,2.50471
2003-09-22,9.03998,9.06999,8.91999,9.04998,357600,2.52142
2003-09-19,8.85,9.04998,8.81999,9.02,813700,2.51307
2003-09-18,8.71998,8.94997,8.70998,8.79998,679700,2.45177
2003-09-17,8.99999,8.99999,8.81999,8.85,818300,2.4657
2003-09-16,8.84,9.11998,8.84,9.02997,850000,2.51585
2003-09-15,9.12998,9.26997,8.80998,8.91999,2195600,2.48521
2003-09-12,9.77998,9.85998,9.10997,9.14999,2048000,2.54929
2003-09-11,10.00997,10.00997,9.80999,9.83997,1266900,2.74152
2003-09-10,10.17997,10.19998,9.86998,10.04999,1240300,2.80003
2003-09-09,10.00,10.20999,9.92997,10.16997,1707300,2.83346
2003-09-08,9.85998,10.02998,9.77998,10.00997,1342500,2.78889
2003-09-05,9.97999,10.09998,9.79999,9.86998,2370300,2.74988
2003-09-04,10.24997,10.33997,10.01998,10.04999,2995700,2.80003
2003-09-03,10.25997,10.54999,10.22999,10.28999,5433600,2.8669
2003-09-02,10.18998,10.37999,10.01998,10.25997,5229700,2.85854
2003-09-01,10.05999,10.17997,9.81999,10.11998,3129200,2.81954
2003-08-29,9.80999,10.09998,9.66,10.05999,3320100,2.80282
2003-08-28,10.00,10.05999,9.79999,9.83,1540700,2.73874
2003-08-27,10.21999,10.24997,9.91,9.93998,2747700,2.76938
2003-08-26,10.09998,10.41997,9.94998,10.27998,6052300,2.86411
2003-08-25,9.64999,10.37999,9.64999,10.13999,7114900,2.82511
2003-08-22,9.75,9.75,9.54998,9.63999,2389600,2.6858
2003-08-21,9.66,9.87999,9.58,9.71999,2317100,2.70809
2003-08-20,10.00997,10.00997,9.51997,9.66,2912400,2.69138
2003-08-19,10.00,10.14999,9.84997,10.00997,2776500,2.78889
2003-08-18,10.09998,10.17997,9.94998,10.01998,3132100,2.79167
2003-08-15,10.00997,10.19998,9.83997,10.18998,4614100,2.83904
2003-08-14,10.07,10.20999,9.79999,10.07,8086300,2.80561
2003-08-13,9.61998,10.44998,9.60998,10.20999,13096900,2.84461
2003-08-12,8.94997,9.60998,8.79998,9.60998,6867500,2.67744
2003-08-11,8.64999,8.82999,8.64999,8.73999,158100,2.43505
2003-08-08,8.64999,8.86997,8.64999,8.77,388000,2.44342
2003-08-07,9.04998,9.06999,8.89999,8.89999,321800,2.47963
2003-08-06,8.89999,8.98999,8.82999,8.94997,238500,2.49356
2003-08-05,8.82999,8.94997,8.82999,8.89999,246600,2.47963
2003-08-04,8.60,8.88998,8.60,8.88998,399000,2.47684
2003-08-01,8.69997,8.79998,8.66999,8.74999,283500,2.43784
2003-07-31,8.64999,8.89999,8.64999,8.77997,269200,2.44619
2003-07-30,8.55998,8.78998,8.55998,8.77,292300,2.44342
2003-07-29,8.71998,8.85997,8.61,8.69997,536200,2.42391
2003-07-28,8.99999,9.10,8.72998,8.77,527900,2.44342
2003-07-25,9.11998,9.26,9.02,9.02997,190500,2.51585
2003-07-24,9.23999,9.23999,9.10,9.10997,157800,2.53814
2003-07-23,9.19998,9.25,9.10,9.23999,244100,2.57436
2003-07-22,9.20998,9.38999,9.04998,9.23999,577400,2.57436
2003-07-21,9.29998,9.34997,8.99999,9.23999,652500,2.57436
2003-07-18,9.25,9.43997,9.20998,9.29998,823000,2.59108
2003-07-17,9.56999,9.56999,9.22999,9.34,1098100,2.60222
2003-07-16,9.91,9.91,9.51,9.58,864500,2.66909
2003-07-15,9.85998,10.03998,9.84997,9.91,648300,2.76103
2003-07-14,10.04999,10.08,9.94998,9.99,291900,2.78332
2003-07-11,10.01998,10.14999,9.89999,10.02998,808900,2.79446
2003-07-10,9.96999,10.13999,9.94998,10.01998,962600,2.79167
2003-07-09,9.94998,10.16,9.91,10.00,243900,2.78611
2003-07-08,10.05999,10.11998,9.84997,10.11998,544100,2.81954
2003-07-07,10.00,10.09998,10.00,10.02998,292900,2.79446
2003-07-04,10.08997,10.13999,10.00,10.00997,417900,2.78889
2003-07-03,10.19998,10.29999,10.05999,10.13999,252500,2.82511
2003-07-02,10.16997,10.27998,10.09998,10.17997,215600,2.83625
2003-07-01,10.41997,10.41997,10.14999,10.16,632800,2.83068
2003-06-30,10.16,10.44998,10.14999,10.43998,692600,2.90869
2003-06-27,10.24,10.38999,10.14999,10.32,436300,2.87526
2003-06-26,10.21999,10.40,10.16,10.32,562200,2.87526
2003-06-25,10.32,10.32,10.09998,10.28999,517700,2.8669
2003-06-24,10.21999,10.34998,10.16997,10.22999,582000,2.85019
2003-06-23,10.34998,10.42998,10.17997,10.21999,566300,2.8474
2003-06-20,10.54999,10.65,10.32997,10.42998,787000,2.9059
2003-06-19,10.78999,10.81997,10.44998,10.65,2125100,2.9672
2003-06-18,10.44998,11.04999,10.37999,10.82997,3625400,3.01735
2003-06-17,10.24,10.25997,10.17997,10.24,264900,2.85297
2003-06-16,10.35998,10.35998,10.25997,10.25997,167900,2.85854
2003-06-13,10.29999,10.40,10.24997,10.29999,324800,2.86969
2003-06-12,10.38999,10.45999,10.19998,10.30999,428200,2.87248
2003-06-11,10.37999,10.40,10.19998,10.40,415300,2.89755
2003-06-10,10.14999,10.40,10.12999,10.34998,575100,2.88361
2003-06-09,10.29999,10.32997,10.05999,10.16997,500600,2.83346
2003-06-06,10.59998,10.62999,10.48,10.48,508900,2.7841
2003-06-05,10.67998,10.78999,10.61999,10.65,468600,2.82926
2003-06-04,10.65,10.74997,10.57997,10.74997,334100,2.85582
2003-06-03,10.82997,10.84998,10.59998,10.59998,670000,2.81597
2003-06-02,10.74997,10.84998,10.49997,10.83998,811700,2.87973
2003-05-30,10.62999,10.79999,10.62999,10.76998,539500,2.86114
2003-05-29,10.59998,10.76998,10.46999,10.62999,675500,2.82395
2003-05-28,10.81997,10.94999,10.59998,10.62999,809000,2.82395
2003-05-27,10.49997,10.81997,10.37999,10.81997,1474900,2.87442
2003-05-26,10.59998,10.65,10.34998,10.36998,1009900,2.75487
2003-05-23,10.84998,10.84998,10.49997,10.59998,760800,2.81597
2003-05-22,10.58997,10.78999,10.57,10.74997,402000,2.85582
2003-05-21,10.51998,10.69999,10.41997,10.57997,494500,2.81066
2003-05-20,10.69999,10.73,10.49997,10.52998,739000,2.79738
2003-05-19,10.84998,10.84998,10.65,10.79999,410300,2.86911
2003-05-16,10.81,10.98997,10.53999,10.82997,1028800,2.87707
2003-05-15,10.69999,10.99997,10.48,10.95999,1013400,2.91161
2003-05-14,10.90,10.90,10.40,10.77998,772200,2.86379
2003-05-13,11.39997,11.89997,10.62999,11.06997,1423500,2.94083
2003-05-12,11.69999,11.71,11.39,11.55997,762900,3.071
2003-05-09,11.49998,11.74998,11.19999,11.63997,000,3.09225
2003-05-08,11.49998,11.74998,11.19999,11.63997,000,3.09225
2003-05-07,11.49998,11.74998,11.19999,11.63997,000,3.09225
2003-05-06,11.49998,11.74998,11.19999,11.63997,000,3.09225
2003-05-05,11.49998,11.74998,11.19999,11.63997,000,3.09225
2003-05-02,11.49998,11.74998,11.19999,11.63997,000,3.09225
2003-05-01,11.49998,11.74998,11.19999,11.63997,000,3.09225
2003-04-30,11.49998,11.74998,11.19999,11.63997,1883600,3.09225
2003-04-29,12.57998,12.57998,11.35999,11.63,2462300,3.08961
2003-04-28,12.08998,12.08998,12.08998,12.08998,000,3.21181
2003-04-25,12.15998,12.35999,12.00998,12.08998,3368400,3.21181
2003-04-24,11.89997,12.28997,11.82998,12.23998,6704000,3.25165
2003-04-23,11.99998,12.12,11.59998,11.89997,2297200,3.16133
2003-04-22,12.50999,12.57998,11.90998,12.02999,3212800,3.19587
2003-04-21,12.12,12.35999,11.99998,12.26999,4642700,3.25963
2003-04-18,11.94999,12.29997,11.80997,12.12,5131700,3.21978
2003-04-17,11.59998,11.82998,11.49998,11.80997,2485000,3.13742
2003-04-16,11.84999,12.05997,11.39997,11.47,1847400,3.0471
2003-04-15,11.40997,11.91998,11.40997,11.86999,2701200,3.15336
2003-04-14,11.12999,11.48997,11.07997,11.45999,1948100,3.04444
2003-04-11,11.30,11.35999,11.09998,11.22,1375200,2.98069
2003-04-10,11.19999,11.47997,11.10999,11.38,1644800,3.02319
2003-04-09,11.17998,11.36999,10.99997,11.19999,844900,2.97537
2003-04-08,11.39,11.47,11.09998,11.17998,851900,2.97006
2003-04-07,11.64997,11.67998,11.36999,11.48997,365400,3.05241
2003-04-04,11.47997,11.64997,11.47,11.61999,708400,3.08695
2003-04-03,11.44999,11.64997,11.34998,11.53999,851700,3.0657
2003-04-02,11.35999,11.55,11.35999,11.53999,539800,3.0657
2003-04-01,11.27999,11.55,11.27999,11.43999,771400,3.03913
2003-03-31,11.34998,11.42998,11.26998,11.30997,379000,3.00459
2003-03-28,11.45999,11.47997,11.30,11.39,878900,3.02585
2003-03-27,11.19999,11.47,11.14997,11.45999,1232600,3.04444
2003-03-26,11.22997,11.44999,10.99997,11.22,977300,2.98069
2003-03-25,11.22,11.44999,11.22,11.33998,781900,3.01256
2003-03-24,11.44999,11.44999,11.19999,11.31997,461600,3.00725
2003-03-21,11.22997,11.34998,11.17998,11.24998,624200,2.98865
2003-03-20,11.48997,11.49998,11.19999,11.22997,712900,2.98333
2003-03-19,11.33998,11.57998,11.17998,11.30,739900,3.00194
2003-03-18,11.27999,11.67998,11.18998,11.23997,1024100,2.98599
2003-03-17,11.47,11.47,11.18998,11.31997,904200,3.00725
2003-03-14,11.44999,11.66998,11.30997,11.47,1313500,3.0471
2003-03-13,11.60999,11.67998,11.41998,11.48997,838200,3.05241
2003-03-12,11.52999,11.63,11.38,11.52999,814300,3.06304
2003-03-11,11.57998,11.69999,11.34998,11.55,813200,3.06835
2003-03-10,11.68999,11.68999,11.30997,11.49998,970800,3.05507
2003-03-07,11.67998,11.82998,11.59998,11.68999,303300,3.10554
2003-03-06,11.73998,11.89997,11.65998,11.73998,875500,3.11882
2003-03-05,11.91998,12.00998,11.71997,11.86999,1222000,3.15336
2003-03-04,12.01999,12.02999,11.80997,11.96,1023200,3.17727
2003-03-03,11.91998,12.09999,11.71997,11.99998,2383900,3.1879
2003-02-28,11.77999,11.89997,11.65998,11.86999,2091700,3.15336
2003-02-27,11.77999,11.98998,11.65998,11.77999,2594400,3.12945
2003-02-26,11.41998,11.77999,11.36999,11.73998,2761500,3.11882
2003-02-25,11.20999,11.48997,11.19999,11.41998,906500,3.03381
2003-02-24,11.17998,11.31997,11.17998,11.20999,212200,2.97803
2003-02-21,11.34998,11.38,11.09998,11.25998,735500,2.99131
2003-02-20,11.39997,11.58998,11.31997,11.39,756000,3.02585
2003-02-19,11.39997,11.49998,11.30,11.49998,297800,3.05507
2003-02-18,11.35999,11.64997,11.30,11.39997,439600,3.0285
2003-02-17,11.59998,11.66998,11.19999,11.38,722600,3.02319
2003-02-14,11.48997,11.67998,11.47997,11.59998,935500,3.08163
2003-02-13,11.58998,11.69999,11.49998,11.52999,1686200,3.06304
2003-02-12,11.44999,11.58998,11.38,11.52999,947400,3.06304
2003-02-11,11.09998,11.49998,11.09998,11.47,1315200,3.0471
2003-02-10,11.17998,11.38,11.14997,11.16998,186600,2.9674
2003-02-07,11.33998,11.47,11.30,11.39997,000,3.0285
2003-02-06,11.33998,11.47,11.30,11.39997,000,3.0285
2003-02-05,11.33998,11.47,11.30,11.39997,000,3.0285
2003-02-04,11.33998,11.47,11.30,11.39997,000,3.0285
2003-02-03,11.33998,11.47,11.30,11.39997,000,3.0285
2003-01-31,11.33998,11.47,11.30,11.39997,000,3.0285
2003-01-30,11.33998,11.47,11.30,11.39997,000,3.0285
2003-01-29,11.33998,11.47,11.30,11.39997,482100,3.0285
2003-01-28,11.24998,11.39997,11.14,11.34998,366100,3.01522
2003-01-27,11.14,11.47997,11.14,11.28999,601000,2.99928
2003-01-24,10.57997,11.27999,10.57997,11.19999,747600,2.97537
2003-01-23,11.07997,11.11999,10.96999,10.98997,582500,2.91958
2003-01-22,11.00998,11.17998,10.99997,11.07997,566500,2.94349
2003-01-21,11.44999,11.44999,11.06997,11.07997,818200,2.94349
2003-01-20,11.38,11.47997,11.20999,11.39997,744900,3.0285
2003-01-17,11.49998,11.49998,11.34998,11.39,987700,3.02585
2003-01-16,11.09998,11.58998,11.07997,11.55,2036200,3.06835
2003-01-15,11.35999,11.35999,10.99997,11.03999,1368800,2.93287
2003-01-14,10.69999,11.38,10.69999,11.26998,2279500,2.99397
2003-01-13,10.66997,10.81997,10.59998,10.73997,571100,2.85316
2003-01-10,10.84998,10.98997,10.73997,10.73997,1680000,2.85316
2003-01-09,10.41997,10.98997,10.34998,10.98,2529100,2.91693
2003-01-08,10.08,10.42998,10.08,10.41,736800,2.7655
2003-01-07,10.18998,10.36998,10.10998,10.17997,419800,2.7044
2003-01-06,10.08997,10.28999,10.00,10.28999,479800,2.73362
2003-01-03,9.97999,10.34998,9.97999,10.08997,486600,2.68049
2003-01-02,10.00,10.14999,9.94998,9.99,1540900,2.65393
2003-01-01,10.34998,10.44998,10.00,10.04999,000,2.66986
2002-12-31,10.34998,10.44998,10.00,10.04999,583300,2.66986
2002-12-30,10.49997,10.63999,10.28999,10.28999,868200,2.73362
2002-12-27,10.49997,10.85998,10.41997,10.58997,749700,2.81332
2002-12-26,11.27999,11.27999,10.55999,10.65997,1194700,2.83191
2002-12-25,11.38,11.38,11.04999,11.11999,1211100,2.95412
2002-12-24,11.14997,11.47997,11.14997,11.34998,1690700,3.01522
2002-12-23,11.15997,11.28999,11.09998,11.16998,1466900,2.9674
2002-12-20,11.06997,11.26998,10.90,11.15997,2050500,2.96474
2002-12-19,11.09998,11.09998,10.90,11.00998,1142700,2.92489
2002-12-18,11.06,11.34998,10.99997,11.06,1775100,2.93818
2002-12-17,10.90,11.16998,10.70999,11.11999,2268100,2.95412
2002-12-16,10.66997,10.89,10.55999,10.87999,865500,2.89036
2002-12-13,10.48,10.90,10.35998,10.71999,1060900,2.84786
2002-12-12,10.51998,10.79999,10.48,10.67998,581000,2.83723
2002-12-11,10.17997,10.69999,10.17997,10.61999,2028400,2.82129
2002-12-10,10.69999,10.98,10.59998,10.65997,1978000,2.83191
2002-12-09,10.76998,10.87999,10.59998,10.86999,1030200,2.8877
2002-12-06,10.65,10.90,10.60998,10.75998,815200,2.85848
2002-12-05,10.76998,10.86999,10.71999,10.77998,600300,2.86379
2002-12-04,10.94999,11.14997,10.59998,10.92998,1967200,2.90364
2002-12-03,10.65997,10.81997,10.52998,10.79999,1280300,2.86911
2002-12-02,10.98,11.09998,10.61999,10.65997,1139400,2.83191
2002-11-29,10.79999,11.30,10.57997,11.18998,3211400,2.97271
2002-11-28,10.00,10.87999,10.00,10.87999,2420100,2.89036
2002-11-27,11.38,11.39997,10.29999,10.61999,3870800,2.82129
2002-11-26,11.49998,11.79,11.35999,11.43999,2528400,3.03913
2002-11-25,11.55,11.69999,11.34998,11.42998,1403000,3.03647
2002-11-22,11.84999,11.99998,11.20999,11.55997,2372700,3.071
2002-11-21,11.67998,11.94999,11.49998,11.84999,2756900,3.14805
2002-11-20,12.18999,12.22998,11.61999,11.85999,4312200,3.15071
2002-11-19,11.02999,12.12,11.02999,12.12,6974200,3.21978
2002-11-18,10.94999,11.09998,10.71999,11.01998,1432200,2.92755
2002-11-15,10.89,11.27999,10.87999,10.99997,1013100,2.92224
2002-11-14,11.39997,11.39997,10.93998,10.98,406600,2.91693
2002-11-13,11.57998,11.57998,11.14997,11.39,759300,3.02585
2002-11-12,11.98998,12.20,11.49998,11.56997,737100,3.07366
2002-11-11,12.20997,12.34999,12.00998,12.00998,403000,3.19055
2002-11-08,12.67999,12.89998,12.20,12.38997,1155300,3.2915
2002-11-07,12.79997,12.79997,12.67999,12.74999,109800,3.38714
2002-11-06,12.80998,12.88998,12.67999,12.81998,707500,3.40574
2002-11-05,12.62997,12.95997,12.55998,12.89998,584500,3.42699
2002-11-04,12.67999,12.86997,12.41998,12.62997,234800,3.35526
2002-11-01,12.39998,12.49998,12.34999,12.47998,103400,3.31541
2002-10-31,12.57998,12.57998,12.29997,12.45,155700,3.30745
2002-10-30,12.30997,12.45,12.29997,12.42999,75200,3.30213
2002-10-29,12.33999,12.47998,12.17999,12.47998,739300,3.31541
2002-10-28,12.74999,12.74999,12.29997,12.33999,526500,3.27822
2002-10-25,12.89998,12.89998,12.57998,12.82998,565400,3.40839
2002-10-24,13.09999,13.09999,12.74999,12.80998,245200,3.40308
2002-10-23,13.07999,13.13998,12.89998,13.06998,260200,3.47215
2002-10-22,12.83999,13.09999,12.79997,13.03997,364500,3.46418
2002-10-21,12.74999,12.98998,12.68999,12.94,295200,3.43762
2002-10-18,12.74999,12.94997,12.74999,12.81998,114700,3.40574
2002-10-17,12.89998,12.99999,12.69997,12.96998,273400,3.44558
2002-10-16,13.48999,13.48999,12.89998,12.89998,785000,3.42699
2002-10-15,13.07999,13.07999,13.07999,13.07999,000,3.47481
2002-10-14,12.86,13.09999,12.74999,13.07999,519600,3.47481
2002-10-11,13.15999,13.20997,12.91999,12.95997,503900,3.44292
2002-10-10,13.09999,13.39998,13.09999,13.15999,331700,3.49606
2002-10-09,13.49999,13.49999,13.04997,13.44997,257900,3.5731
2002-10-08,13.45998,13.87998,13.29998,13.40999,633900,3.56248
2002-10-07,13.87998,13.87998,13.87998,13.87998,000,3.68733
2002-10-04,13.87998,13.87998,13.87998,13.87998,000,3.68733
2002-10-03,13.87998,13.87998,13.87998,13.87998,000,3.68733
2002-10-02,13.87998,13.87998,13.87998,13.87998,000,3.68733
2002-10-01,13.87998,13.87998,13.87998,13.87998,000,3.68733
2002-09-30,13.87998,13.87998,13.87998,13.87998,000,3.68733
2002-09-27,13.66999,13.99999,13.39998,13.87998,633800,3.68733
2002-09-26,13.85997,13.99999,13.64999,13.79998,431300,3.66608
2002-09-25,13.79998,13.93997,13.74999,13.90999,144800,3.69531
2002-09-24,13.78998,13.94997,13.74999,13.81999,346400,3.6714
2002-09-23,13.89999,13.94997,13.72998,13.84997,186200,3.67936
2002-09-20,13.99999,14.08996,13.86997,13.89999,249500,3.69265
2002-09-19,13.49999,14.15999,13.49999,14.14999,541900,3.75906
2002-09-18,13.87998,13.98999,13.79998,13.84,694100,3.67671
2002-09-17,13.81999,14.14999,13.71998,13.94997,418100,3.70593
2002-09-16,14.14999,14.27998,13.81999,13.92997,549900,3.70061
2002-09-13,14.20998,14.37998,14.20998,14.24996,986600,3.78562
2002-09-12,14.15999,14.34997,14.14999,14.26997,162700,3.79094
2002-09-11,14.10997,14.27998,14.09997,14.21998,2079000,3.77766
2002-09-10,14.11998,14.23999,14.05999,14.09997,256000,3.74577
2002-09-09,13.99999,14.14999,13.99999,14.11998,242000,3.75109
2002-09-06,14.09997,14.22999,14.04998,14.09997,494700,3.74577
2002-09-05,14.44998,14.45998,14.18997,14.18997,829000,3.76968
2002-09-04,14.60998,14.74997,14.42997,14.43997,520600,3.8361
2002-09-03,14.60998,14.79999,14.54998,14.60998,404200,3.88126
2002-09-02,14.69998,14.78998,14.48999,14.60998,397600,3.88126
2002-08-30,14.59997,14.87999,14.49997,14.57996,520300,3.87329
2002-08-29,14.77998,14.88999,14.54998,14.61998,743600,3.88392
2002-08-28,15.16997,15.16997,14.85998,14.88999,1586200,3.95565
2002-08-27,14.41997,15.49997,14.36998,15.18998,6100400,4.03535
2002-08-26,14.36998,14.50997,14.29998,14.44998,448200,3.83876
2002-08-23,14.54998,14.54998,14.33,14.36998,455600,3.81751
2002-08-22,15.24997,15.24997,14.24996,14.58997,1715600,3.87595
2002-08-21,14.29998,14.31999,14.07999,14.24996,339100,3.78562
2002-08-20,14.26997,14.29998,14.07999,14.27998,262800,3.7936
2002-08-19,14.20998,14.39999,13.97999,14.26997,895400,3.79094
2002-08-16,14.17997,14.34997,13.86997,14.17997,358200,3.76703
2002-08-15,14.02997,14.17997,13.92997,13.94997,296500,3.70593
2002-08-14,14.26997,14.33997,13.99999,14.07999,558500,3.74047
2002-08-13,14.65996,14.65996,14.09997,14.25997,968700,3.78828
2002-08-12,13.97999,14.65996,13.79998,14.52998,3928200,3.86001
2002-08-09,14.06999,14.17997,13.99999,14.09997,159500,3.74577
2002-08-08,14.33997,14.34997,14.05999,14.18997,162000,3.76968
2002-08-07,14.27998,14.31999,14.17997,14.21998,117500,3.77766
2002-08-06,14.17997,14.35997,14.13999,14.33,207200,3.80688
2002-08-05,14.27998,14.37998,14.11998,14.14999,110400,3.75906
2002-08-02,14.04998,14.27998,14.04998,14.27998,98600,3.7936
2002-08-01,14.02997,14.38999,14.00997,14.15999,213000,3.76172
2002-07-31,14.24996,14.24996,14.08996,14.08996,77800,3.74312
2002-07-30,14.00997,14.33997,14.00997,14.27998,105800,3.7936
2002-07-29,13.99999,14.14999,13.93997,14.09997,211900,3.74577
2002-07-26,14.19998,14.37998,13.99999,14.09997,237200,3.74577
2002-07-25,14.47999,14.47999,14.07999,14.27998,144700,3.7936
2002-07-24,14.19998,14.44998,14.00997,14.39999,191600,3.82548
2002-07-23,14.44998,14.44998,14.19998,14.21998,279800,3.77766
2002-07-22,14.60998,14.69998,14.43997,14.44998,225800,3.83876
2002-07-19,14.64999,14.64999,14.50997,14.64999,220400,3.89189
2002-07-18,14.61998,14.72999,14.59997,14.63999,156200,3.88924
2002-07-17,14.66997,14.69998,14.49997,14.58997,174000,3.87595
2002-07-16,14.59997,14.82997,14.59997,14.68997,177300,3.90251
2002-07-15,14.79999,14.79999,14.57996,14.69998,220900,3.90517
2002-07-12,14.70998,15.05999,14.70998,14.84997,159700,3.94502
2002-07-11,14.89999,15.09998,14.74997,14.90996,331500,3.96096
2002-07-10,15.14996,15.19998,14.94998,15.05999,1848300,4.00081
2002-07-09,14.74997,15.07997,14.69998,15.06996,719900,4.00346
2002-07-08,14.80999,14.88999,14.63999,14.70998,519500,3.90783
2002-07-05,14.78998,14.78998,14.49997,14.77998,384600,3.92642
2002-07-04,14.85998,14.97999,14.65996,14.78998,445500,3.92908
2002-07-03,14.89999,15.04999,14.80999,14.85998,314800,3.94768
2002-07-02,14.69998,14.87999,14.69998,14.81999,271800,3.93706
2002-07-01,14.89999,14.89999,14.55999,14.63999,647500,3.88924
2002-06-28,15.04999,15.17998,14.81999,14.88999,1485800,3.95565
2002-06-27,15.19998,15.45999,14.99997,15.06996,1316100,4.00346
2002-06-26,14.99997,15.37999,14.79999,15.19998,1162100,4.038
2002-06-25,15.79996,15.79996,15.01998,15.15997,3359600,4.02737
2002-06-24,15.92998,15.92998,15.01998,15.79996,4486500,4.19739
2002-06-21,13.84,14.49997,13.80998,14.47999,2289800,3.84673
2002-06-20,13.87998,13.97999,13.64999,13.93997,733200,3.70327
2002-06-19,14.04998,14.04998,13.69997,13.87998,679100,3.68733
2002-06-18,14.36998,14.36998,14.00997,14.23999,377600,3.78297
2002-06-17,13.64999,14.59997,13.60997,14.08996,192900,3.74312
2002-06-14,13.94997,13.94997,13.60997,13.75996,254500,3.65545
2002-06-13,14.34997,14.34997,13.94997,13.95998,227600,3.70858
2002-06-12,14.47999,14.47999,14.09997,14.10997,230800,3.74843
2002-06-11,14.15999,14.64999,14.15999,14.19998,287000,3.77234
2002-06-10,14.24996,14.45998,14.12998,14.12998,158900,3.75375
2002-06-07,14.49997,14.64999,14.09997,14.39999,547000,3.82548
2002-06-06,13.39998,14.59997,13.39998,14.35997,762600,3.81485
2002-06-05,13.81999,13.81999,13.49999,13.59997,737800,3.61294
2002-06-04,13.99999,14.19998,13.70998,13.98999,625500,3.71656
2002-06-03,14.21998,14.21998,13.77997,13.85997,846900,3.68202
2002-05-31,14.54998,14.59997,14.27998,14.35997,539800,3.81485
2002-05-30,14.18997,14.89999,14.18997,14.52998,740600,3.86001
2002-05-29,15.17998,15.17998,15.17998,15.17998,000,4.03269
2002-05-28,15.31997,15.49997,15.15997,15.17998,1641400,4.03269
2002-05-27,15.24997,15.54999,15.09998,15.31997,1284500,4.06988
2002-05-24,15.48997,15.48997,15.09998,15.17998,808000,4.03269
2002-05-23,14.97999,15.67998,14.97999,15.50998,2372700,4.12035
2002-05-22,15.34998,15.37999,14.86998,14.91997,1180000,3.96361
2002-05-21,14.59997,15.41997,14.59997,15.37999,4440900,4.08582
2002-05-20,14.67997,14.74997,14.14999,14.49997,684400,3.85204
2002-05-17,14.54998,14.89999,14.29998,14.73996,1325600,3.91579
2002-05-16,15.35998,15.35998,14.00997,14.56999,2196300,3.87064
2002-05-15,15.89997,15.93998,15.34998,15.35998,1261700,4.08051
2002-05-14,15.67998,16.03999,15.65997,15.87999,1148000,4.21865
2002-05-13,15.58997,15.86999,15.47996,15.65997,1044100,4.1602
2002-05-10,15.82997,15.99998,15.52998,15.58997,1397800,4.14161
2002-05-09,16.08998,16.20996,15.81997,15.82997,1445300,4.20536
2002-05-08,16.27999,16.34998,16.04996,16.11999,1789000,4.28241
2002-05-07,16.02999,16.47997,15.94999,16.27999,000,4.32492
2002-05-06,16.02999,16.47997,15.94999,16.27999,000,4.32492
2002-05-03,16.02999,16.47997,15.94999,16.27999,000,4.32492
2002-05-02,16.02999,16.47997,15.94999,16.27999,000,4.32492
2002-05-01,16.02999,16.47997,15.94999,16.27999,000,4.32492
2002-04-30,16.02999,16.47997,15.94999,16.27999,3867200,4.32492
2002-04-29,15.75998,16.07997,15.50998,15.97997,3754600,4.24521
2002-04-26,15.60998,15.86999,15.51998,15.75998,3041400,4.18677
2002-04-25,15.24997,15.64997,15.24997,15.63996,3338100,4.15489
2002-04-24,15.37999,15.53999,15.09998,15.24997,1958300,4.05128
2002-04-23,15.53999,15.65997,15.00997,15.28999,1417600,4.06191
2002-04-22,15.32997,15.69999,15.05999,15.56997,4293100,4.13629
2002-04-19,15.27998,15.43998,14.81999,15.37999,2639300,4.08582
2002-04-18,15.19998,15.46999,15.14996,15.30999,3180000,4.06723
2002-04-17,14.57996,15.35998,14.50997,15.28999,2893400,4.06191
2002-04-16,14.63999,14.79999,14.52998,14.74997,755100,3.91845
2002-04-15,14.99997,14.99997,14.60998,14.71999,294100,3.91049
2002-04-12,14.64999,15.08997,14.63999,14.88999,641500,3.95565
2002-04-11,15.09998,15.21999,14.70998,14.74997,1130400,3.91845
2002-04-10,15.09998,15.44998,15.02998,15.12999,1459500,4.01941
2002-04-09,14.41997,15.29999,14.41997,15.16997,2742400,4.03003
2002-04-08,14.49997,14.94998,14.49997,14.76997,1505200,3.92377
2002-04-05,14.44998,14.56999,14.31999,14.49997,1620800,3.85204
2002-04-04,14.07999,14.49997,13.99999,14.43997,1101500,3.8361
2002-04-03,13.79998,14.11998,13.79998,14.04998,882400,3.73249
2002-04-02,14.38999,14.39999,13.99999,14.00997,1237900,3.72186
2002-04-01,13.89999,14.48999,13.82999,14.36998,843200,3.81751
2002-03-29,14.24996,14.38999,13.98999,14.06999,2538600,3.73781
2002-03-28,14.77998,14.77998,14.39999,14.66997,1880600,3.8972
2002-03-27,14.70998,14.84997,14.49997,14.74997,1470900,3.91845
2002-03-26,15.34998,15.44998,14.60998,14.70998,2980500,3.90783
2002-03-25,15.50998,15.54999,14.92997,15.34998,1372500,4.07785
2002-03-22,15.38999,15.59998,15.22996,15.38999,1775400,4.08848
2002-03-21,15.76998,15.85998,15.35998,15.47996,2558300,4.11238
2002-03-20,15.67998,15.87999,15.49997,15.81997,4548500,4.20271
2002-03-19,14.99997,15.84998,14.80999,15.80996,10750700,4.20005
2002-03-18,15.68998,15.78999,14.74997,15.28999,5111400,4.06191
2002-03-15,15.19998,15.89997,15.09998,15.46999,17892800,4.10973
2002-03-14,13.79998,15.02998,13.69997,15.02998,11865300,3.99284
2002-03-13,14.04998,14.29998,13.62998,13.65999,2158300,3.62889
2002-03-12,14.67997,14.77998,14.10997,14.28998,3034500,3.79625
2002-03-11,14.91997,14.98996,14.39999,14.67997,2351300,3.89986
2002-03-08,14.09997,14.82997,14.09997,14.78998,3529100,3.92908
2002-03-07,13.85997,14.16996,13.85997,14.15999,1980600,3.76172
2002-03-06,13.79998,14.16996,13.70998,13.85997,2087100,3.68202
2002-03-05,13.19997,13.79998,13.10997,13.77997,1616900,3.66076
2002-03-04,13.04997,13.24999,12.89998,13.23999,1142900,3.51731
2002-03-01,13.29998,13.29998,12.95997,13.07999,770500,3.47481
2002-02-28,13.64999,13.67996,13.29998,13.35,853400,3.54654
2002-02-27,13.50999,13.72998,13.49999,13.63998,1473700,3.62358
2002-02-26,13.77997,13.89999,13.37998,13.53997,1009200,3.59701
2002-02-25,13.89999,14.02997,13.72998,13.77997,1744000,3.66076
2002-02-22,14.39999,14.52998,13.64999,13.67996,000,3.6342
2002-02-21,14.39999,14.52998,13.64999,13.67996,000,3.6342
2002-02-20,14.39999,14.52998,13.64999,13.67996,000,3.6342
2002-02-19,14.39999,14.52998,13.64999,13.67996,000,3.6342
2002-02-18,14.39999,14.52998,13.64999,13.67996,000,3.6342
2002-02-15,14.39999,14.52998,13.64999,13.67996,000,3.6342
2002-02-14,14.39999,14.52998,13.64999,13.67996,000,3.6342
2002-02-13,14.39999,14.52998,13.64999,13.67996,000,3.6342
2002-02-12,14.39999,14.52998,13.64999,13.67996,000,3.6342
2002-02-11,14.39999,14.52998,13.64999,13.67996,000,3.6342
2002-02-08,14.39999,14.52998,13.64999,13.67996,2599100,3.6342
2002-02-07,14.41997,14.41997,14.07999,14.40999,3944900,3.82814
2002-02-06,13.10997,13.10997,13.10997,13.10997,000,3.48277
2002-02-05,13.10997,13.10997,13.10997,13.10997,000,3.48277
2002-02-04,13.10997,13.10997,13.10997,13.10997,000,3.48277
2002-02-01,13.10997,13.10997,13.10997,13.10997,000,3.48277
2002-01-31,13.10997,13.10997,13.10997,13.10997,000,3.48277
2002-01-30,12.79997,13.29998,12.70997,13.10997,626800,3.48277
2002-01-29,12.59999,12.94997,12.47998,12.87997,829600,3.42167
2002-01-28,13.49999,13.63998,12.48998,12.84999,1015100,3.41371
2002-01-25,13.87998,13.89999,13.61997,13.72998,724300,3.64749
2002-01-24,13.79998,14.12998,13.29998,13.92997,1434500,3.70061
2002-01-23,12.77997,13.93997,12.49998,13.92997,1668700,3.70061
2002-01-22,12.99999,12.99999,12.27999,12.78997,1439200,3.39776
2002-01-21,13.19997,13.43997,12.69997,12.89998,746700,3.42699
2002-01-18,12.67999,13.50999,12.49998,13.19997,1109000,3.50668
2002-01-17,14.99997,15.21999,13.66999,13.66999,1203000,3.63155
2002-01-16,15.19998,15.43998,15.01998,15.18998,440300,4.03535
2002-01-15,15.16997,15.49997,14.99997,15.24997,447000,4.05128
2002-01-14,15.59998,15.59998,14.99997,15.27998,594700,4.05926
2002-01-11,15.89997,15.89997,15.53999,15.67998,374900,4.16552
2002-01-10,15.19998,15.96996,15.00997,15.94999,587700,4.23725
2002-01-09,15.29999,15.40997,15.14996,15.35998,605300,4.08051
2002-01-08,15.19998,15.47996,14.99997,15.34998,715200,4.07785
2002-01-07,15.67998,15.71996,15.01998,15.26998,247100,4.0566
2002-01-04,15.66997,15.76998,15.56997,15.70999,361300,4.17349
2002-01-03,15.64997,15.84998,15.59998,15.68998,000,4.16817
2002-01-02,15.64997,15.84998,15.59998,15.68998,000,4.16817
2002-01-01,15.64997,15.84998,15.59998,15.68998,000,4.16817
2001-12-31,15.64997,15.84998,15.59998,15.68998,479000,4.16817
2001-12-28,15.81997,15.90997,15.55996,15.64997,411600,4.15754
2001-12-27,15.85998,16.04996,15.69999,15.83998,514900,4.20802
2001-12-26,15.49997,15.94999,15.41997,15.87999,734300,4.21865
2001-12-25,15.80996,15.82997,15.58997,15.67998,500800,4.16552
2001-12-24,15.84998,16.22997,15.72996,15.82997,509100,4.20536
2001-12-21,15.64997,15.87999,15.56997,15.83998,287300,4.20802
2001-12-20,15.93998,15.93998,15.49997,15.65997,201300,4.1602
2001-12-19,15.74997,16.27999,15.71996,15.95999,412400,4.23991
2001-12-18,15.53999,15.69999,15.29999,15.68998,929200,4.16817
2001-12-17,15.68998,15.86999,15.49997,15.55996,702800,4.13363
2001-12-14,16.25998,16.39997,15.61999,15.69999,1031600,4.17083
2001-12-13,16.19999,16.56997,15.99998,16.33998,1023200,4.34085
2001-12-12,16.90998,16.94996,16.24998,16.29996,1040600,4.33022
2001-12-11,16.90998,16.98998,16.84999,16.93999,1402300,4.50025
2001-12-10,16.87997,16.98998,16.83998,16.91998,864000,4.49493
2001-12-07,16.69996,16.89997,16.64997,16.85999,733800,4.479
2001-12-06,16.57998,16.89997,16.52999,16.71997,772400,4.4418
2001-12-05,16.99998,16.99998,16.59999,16.60999,717100,4.41258
2001-12-04,16.85999,16.99998,15.99998,16.95997,783400,4.50556
2001-12-03,17.10996,17.10996,16.79997,16.87997,975000,4.4843
2001-11-30,17.09999,17.09999,16.86996,17.01999,1282400,4.5215
2001-11-29,16.98998,17.01999,16.87997,16.99998,1902500,4.51619
2001-11-28,16.75998,17.09999,16.73998,16.98998,1399900,4.51353
2001-11-27,16.99998,16.99998,15.99998,16.80997,845500,4.46571
2001-11-26,16.24998,16.94996,16.21996,16.93999,1613700,4.50025
2001-11-23,16.50998,16.50998,16.03999,16.27999,293700,4.32492
2001-11-22,16.79997,16.85999,16.39997,16.50998,500400,4.38601
2001-11-21,16.99998,17.08998,16.68999,16.83998,510200,4.47368
2001-11-20,16.50998,17.07998,16.49998,17.00999,611600,4.51884
2001-11-19,16.47997,16.58998,16.02999,16.50998,706900,4.38601
2001-11-16,16.97997,18.09996,16.34998,16.49998,706900,4.38336
2001-11-15,16.44999,16.56997,16.29996,16.46997,346800,4.37538
2001-11-14,14.99997,16.63997,14.99997,16.50998,708000,4.38601
2001-11-13,16.47997,16.74998,15.89997,16.29996,731600,4.33022
2001-11-12,15.57997,16.72997,15.55996,16.65998,1533600,4.42586
2001-11-09,15.19998,15.74997,14.78998,15.72996,890000,4.1788
2001-11-08,14.89999,15.19998,14.68997,15.19998,693700,4.038
2001-11-07,16.36999,16.41998,14.80999,14.99997,1337800,3.98487
2001-11-06,17.00999,17.13997,16.19999,16.35999,522500,4.34617
2001-11-05,17.33999,17.45997,17.05997,17.12997,349500,4.55072
2001-11-02,17.33999,17.67996,17.19996,17.33999,849000,4.60651
2001-11-01,17.35996,17.58999,17.09999,17.39998,721000,4.62245
2001-10-31,17.29997,17.67996,17.01999,17.33999,422900,4.60651
2001-10-30,17.46997,17.79997,17.27996,17.33999,1975500,4.60651
2001-10-29,17.00999,17.44996,16.99998,17.04997,947600,4.52947
2001-10-26,17.00999,17.88998,17.00999,17.26996,1026500,4.58791
2001-10-25,17.94997,17.94997,17.09999,17.40998,706300,4.62511
2001-10-24,18.29998,18.47998,17.54997,17.99999,1653600,4.78185
2001-10-23,16.57998,18.18997,16.57998,18.18997,1987700,4.83232
2001-10-22,16.53996,16.53996,16.53996,16.53996,000,4.39398
2001-10-19,16.89997,17.13997,16.01998,16.53996,1004800,4.39398
2001-10-18,26.23001,26.39999,25.00,25.76,778100,4.5191
2001-10-17,26.27001,26.49003,26.06002,26.30002,894300,4.61383
2001-10-16,26.18002,26.47999,25.46002,26.43,681300,4.63664
2001-10-15,26.00,26.27999,25.50002,26.25003,344400,4.60506
2001-10-12,25.04999,26.19999,25.00,26.10002,975900,4.57875
2001-10-11,25.76,25.80,25.08,25.52,709000,4.47699
2001-10-10,26.18002,26.19999,25.02003,25.78002,517400,4.52261
2001-10-09,26.15001,26.42002,26.00,26.35001,170100,4.6226
2001-10-08,26.50002,26.50002,26.00,26.15001,309900,4.58752
2001-10-05,26.39001,26.59,26.00,26.15001,000,4.58752
2001-10-04,26.39001,26.59,26.00,26.15001,000,4.58752
2001-10-03,26.39001,26.59,26.00,26.15001,000,4.58752
2001-10-02,26.39001,26.59,26.00,26.15001,000,4.58752
2001-10-01,26.39001,26.59,26.00,26.15001,000,4.58752
2001-09-28,26.39001,26.59,26.00,26.15001,121300,4.58752
2001-09-27,26.50002,26.65003,25.95001,26.43999,760800,4.63839
2001-09-26,26.00,26.31999,25.80,26.25003,1209600,4.60506
2001-09-25,26.39999,26.47999,26.19999,26.34002,448000,4.62085
2001-09-24,26.88004,26.90001,26.10002,26.39001,289100,4.62962
2001-09-21,27.29002,27.29002,26.80004,26.89002,102100,4.71734
2001-09-20,27.50001,27.50001,27.04004,27.11,24300,4.75593
2001-09-19,27.27,27.50001,26.84004,27.35,58900,4.79803
2001-09-18,27.10001,27.28003,26.80004,27.28003,49000,4.78576
2001-09-17,27.45002,27.46001,26.81003,27.17002,77200,4.76646
2001-09-14,27.57002,27.60003,27.20003,27.52003,71600,4.82786
2001-09-13,27.50001,27.60003,27.25002,27.52003,149600,4.82786
2001-09-12,27.00004,27.60003,26.90001,27.50001,154000,4.82435
2001-09-11,27.78001,27.98,27.50001,27.78999,96100,4.87522
2001-09-10,26.85003,27.90001,26.50002,27.73002,239900,4.8647
2001-09-07,28.18,28.18,26.59999,27.39,295700,4.80505
2001-09-06,27.77002,28.28003,27.77002,28.02001,140800,4.91557
2001-09-05,27.78999,27.78999,27.78999,27.78999,000,4.87522
2001-09-04,27.01002,27.89002,27.01002,27.78999,148600,4.87522
2001-09-03,27.04004,27.48003,27.04004,27.28003,76500,4.78576
2001-08-31,27.35,27.51,27.35,27.48003,205200,4.82084
2001-08-30,27.20003,27.48003,26.99,27.39,88300,4.80505
2001-08-29,26.78001,27.39,26.78001,27.30001,1377000,4.78926
2001-08-28,27.44003,28.16003,26.62001,27.00004,2269300,4.73664
2001-08-27,28.60003,28.60003,27.58001,27.69002,3422100,4.85768
2001-08-24,28.79004,29.10,28.05002,28.60003,1856700,5.01732
2001-08-23,28.60003,28.78,28.10,28.66,475900,5.02785
2001-08-22,29.14,29.14,28.62,28.81001,176300,5.05416
2001-08-21,29.04002,29.47003,29.00002,29.10,149800,5.10503
2001-08-20,29.08002,29.11003,28.82,29.08002,179400,5.10153
2001-08-17,28.89001,29.15003,28.68002,29.12002,140500,5.10855
2001-08-16,29.49999,29.49999,28.50,29.11003,3210900,5.1068
2001-08-15,29.57001,29.68002,29.20002,29.41001,2012700,5.15942
2001-08-14,30.70003,30.80001,30.13,30.30004,1154900,5.31556
2001-08-13,30.62003,30.84001,30.50003,30.73,1166200,5.39099
2001-08-10,30.35002,30.74003,30.15003,30.61,291400,5.36993
2001-08-09,29.71003,30.30004,29.70004,30.03003,172200,5.26819
2001-08-08,29.72002,29.85,29.60002,29.70004,104800,5.2103
2001-08-07,29.70004,29.88001,29.10,29.72002,258300,5.2138
2001-08-06,30.58003,30.75002,29.61999,29.63003,510300,5.19802
2001-08-03,31.18003,31.18003,30.31002,30.98003,217400,5.43485
2001-08-02,31.28,31.28,30.18004,30.82003,267900,5.40678
2001-08-01,30.50003,31.40,30.21,31.39002,788100,5.50677
2001-07-31,30.49,31.10003,30.05,30.11002,621100,5.28222
2001-07-30,32.00,32.00,30.80001,30.98003,409900,5.43485
2001-07-27,33.00004,33.18001,31.88,32.39999,1122200,5.68396
2001-07-26,34.75004,34.75004,33.38001,33.41002,405400,5.86115
2001-07-25,35.00003,35.00003,34.60003,34.84003,272100,6.11201
2001-07-24,35.15004,35.20002,34.55004,34.80002,735100,6.10499
2001-07-23,35.00003,35.35003,34.60003,35.16002,779700,6.16815
2001-07-20,34.69001,35.20002,34.00003,34.86,931400,6.11552
2001-07-19,34.50,35.20002,33.58001,34.74,756100,6.09446
2001-07-18,33.10001,34.50,33.10001,34.45002,1107100,6.04359
2001-07-17,33.40004,33.40004,33.05003,33.10001,191400,5.80676
2001-07-16,33.25002,33.50001,33.00004,33.08004,477800,5.80326
2001-07-13,34.48003,34.48003,33.13003,33.15,135800,5.81553
2001-07-12,32.99,33.90001,32.81003,33.64003,580600,5.9015
2001-07-11,33.57002,33.60004,32.98001,33.23,230900,5.82956
2001-07-10,32.80004,33.88003,32.68004,33.57002,673200,5.88921
2001-07-09,33.90001,33.90001,32.30002,32.90002,982100,5.77167
2001-07-06,34.46,34.78,33.62001,33.94001,384100,5.95412
2001-07-05,34.41002,34.77001,34.00003,34.48003,584700,6.04886
2001-07-04,35.20002,35.28002,34.40003,34.89001,227000,6.12078
2001-07-03,35.00003,35.30,35.00003,35.22,411900,6.17867
2001-07-02,35.09001,35.40002,34.31004,35.36002,942100,6.20324
2001-06-29,35.22,35.50,34.84003,35.09001,421700,6.15587
2001-06-28,35.01001,35.58004,34.81001,35.20002,465500,6.17517
2001-06-27,34.54,35.75003,34.54,35.15004,1871400,6.1664
2001-06-26,34.01002,34.78,34.01002,34.72003,1279800,6.09096
2001-06-25,34.51004,34.90,34.34,34.66,1374300,6.08043
2001-06-22,34.19004,34.87004,33.50001,34.77001,635000,6.09973
2001-06-21,33.90001,34.47004,33.50001,34.21002,563000,6.00149
2001-06-20,34.60003,34.98,33.50001,34.00003,782000,5.96465
2001-06-19,34.40003,35.00003,33.90001,34.50,459500,6.05236
2001-06-18,35.50,35.50,34.00003,34.40003,576700,6.03482
2001-06-15,33.60004,34.98,33.30001,34.85001,1228800,6.11376
2001-06-14,33.50001,34.60003,33.40004,33.68003,744100,5.90851
2001-06-13,34.00003,34.50,33.75,34.46,1023000,6.04534
2001-06-12,32.70002,34.17002,32.65003,34.09002,1431200,5.98044
2001-06-11,32.80004,33.12004,32.50002,32.98001,546600,5.78571
2001-06-08,32.65003,33.05003,32.65003,32.77003,821900,5.74887
2001-06-07,32.46002,33.15,32.46002,32.76004,554900,5.74712
2001-06-06,32.98001,32.98001,32.45003,32.46002,599500,5.69449
2001-06-05,32.86001,33.05003,32.50002,32.69003,864800,5.73484
2001-06-04,32.90002,33.10001,32.48,32.86001,580200,5.76466
2001-06-01,32.85003,33.00004,32.80004,32.84004,917300,5.76115
2001-05-31,32.60004,32.89003,32.51001,32.82002,861500,5.75764
2001-05-30,31.80,32.70002,31.80,32.64004,439700,5.72607
2001-05-29,31.98002,32.10002,31.81004,32.01003,275200,5.61554
2001-05-28,31.80,32.15001,31.50003,32.00,488600,5.61378
2001-05-25,32.80004,32.80004,31.68,31.96,1335500,5.60677
2001-05-24,33.28004,33.28004,32.50002,32.51999,1190600,5.70501
2001-05-23,32.09004,33.10001,31.55001,33.04004,2990000,5.79624
2001-05-22,31.50003,32.19001,31.50003,31.99001,1532000,5.61203
2001-05-21,30.78003,31.56,30.70003,31.50003,993300,5.52607
2001-05-18,30.49,30.86003,30.11002,30.78003,710700,5.39976
2001-05-17,30.05,30.30004,29.98004,30.15003,387100,5.28924
2001-05-16,30.47002,30.50003,30.01,30.05,584800,5.27169
2001-05-15,30.40001,30.79002,30.40001,30.47002,606400,5.34538
2001-05-14,30.30004,30.50003,30.05,30.40001,763000,5.3331
2001-05-11,30.40001,30.40001,30.00001,30.28001,373200,5.31205
2001-05-10,29.85,30.40001,29.71003,30.36001,449000,5.32608
2001-05-09,29.74004,29.98004,29.51003,29.81,369600,5.22959
2001-05-08,29.55003,29.80001,29.49999,29.78004,251200,5.22433
2001-05-07,29.40002,29.75003,29.40002,29.53999,000,5.18222
2001-05-04,29.40002,29.75003,29.40002,29.53999,000,5.18222
2001-05-03,29.40002,29.75003,29.40002,29.53999,000,5.18222
2001-05-02,29.40002,29.75003,29.40002,29.53999,000,5.18222
2001-05-01,29.40002,29.75003,29.40002,29.53999,000,5.18222
2001-04-30,29.40002,29.75003,29.40002,29.53999,577100,5.18222
2001-04-27,29.07003,29.76002,29.07003,29.40002,899800,5.15767
2001-04-26,28.82,29.20002,28.82,29.05001,691900,5.09627
2001-04-25,29.49,29.80001,28.85001,28.95003,1167400,5.07873
2001-04-24,28.66,29.23003,28.66,29.23003,801200,5.12785
2001-04-23,28.90,29.00002,28.31004,28.46,386800,4.99276
2001-04-20,29.65,29.65,28.70,28.70,723100,5.03486
2001-04-19,30.30004,30.45,29.49999,29.65,360100,5.20152
2001-04-18,30.00001,30.65,29.95003,30.38003,304000,5.32959
2001-04-17,30.70003,31.00001,29.80001,30.67002,372800,5.38046
2001-04-16,30.00001,30.84999,29.80001,30.77,1239200,5.398
2001-04-13,30.20001,30.70003,29.61,29.90004,136800,5.24539
2001-04-12,29.96001,30.10004,29.45999,29.97,392800,5.25766
2001-04-11,30.12001,30.12001,29.70004,29.98004,523400,5.25942
2001-04-10,28.70,29.98004,28.70,29.97,765000,5.25766
2001-04-09,28.60003,29.00002,28.30,28.96002,252500,5.08048
2001-04-06,29.35003,29.35003,28.85001,28.90,151000,5.06995
2001-04-05,28.02001,29.49999,28.02001,29.35003,255600,5.1489
2001-04-04,29.00002,29.10,28.49001,28.60003,324900,5.01732
2001-04-03,27.18001,29.95003,27.18001,29.29999,430700,5.14012
2001-04-02,29.29999,29.29999,28.85001,29.03003,369400,5.09276
2001-03-30,29.43003,29.43003,28.62,29.33001,279500,5.14539
2001-03-29,29.49999,29.53999,29.28002,29.37999,263600,5.15415
2001-03-28,29.95003,29.95003,29.26,29.55003,145600,5.18398
2001-03-27,29.90004,30.10004,29.80001,30.00001,338100,5.26292
2001-03-26,28.88002,29.85,28.87003,29.80001,379600,5.22784
2001-03-23,30.78003,31.30003,29.10,29.17001,808600,5.11732
2001-03-22,29.28002,29.78004,29.01001,29.76002,923000,5.22082
2001-03-21,28.50,29.29999,28.42,29.29001,977500,5.13837
2001-03-20,27.40003,28.60003,27.10001,28.56002,832400,5.01031
2001-03-19,27.70001,27.78001,27.19,27.25002,804900,4.78049
2001-03-16,27.97002,27.97002,27.97002,27.97002,000,4.9068
2001-03-15,27.97002,27.97002,27.97002,27.97002,000,4.9068
2001-03-14,28.00003,28.15004,27.90001,27.97002,256200,4.9068
2001-03-13,28.25001,28.30,27.70001,28.06999,332700,4.92434
2001-03-12,28.30,28.30,27.60003,28.27004,416200,4.95943
2001-03-09,28.20003,28.50,27.70001,28.38,449300,4.97872
2001-03-08,27.80003,28.25001,27.50001,28.20003,203700,4.94715
2001-03-07,28.41001,28.41001,27.65002,27.70001,232600,4.85943
2001-03-06,27.65002,28.20003,27.54999,27.93002,218200,4.89978
2001-03-05,28.00003,28.60003,27.80003,27.81002,282700,4.87873
2001-03-02,27.40003,28.10,27.20003,28.08003,852200,4.9261
2001-03-01,27.50001,27.70001,27.31,27.41002,173600,4.80856
2001-02-28,27.54999,27.73002,27.30001,27.51,285600,4.8261
2001-02-27,27.03,27.78999,26.00,27.49002,310300,4.8226
2001-02-26,26.74001,27.56003,26.61003,27.43,593800,4.81207
2001-02-23,26.50002,26.80004,26.39999,26.74001,542700,4.69102
2001-02-22,26.25003,27.00004,26.25003,26.67,283900,4.67874
2001-02-21,26.31,26.79,26.10002,26.13003,332200,4.58401
2001-02-20,26.85003,27.19,26.30002,26.43999,293400,4.63839
2001-02-19,26.80004,26.96004,26.03999,26.71,269700,4.68576
2001-02-16,26.03999,26.80004,26.03999,26.39999,282900,4.63137
2001-02-15,26.41003,26.80004,26.27999,26.30002,964100,4.61383
2001-02-14,26.30002,26.80004,26.00,26.41003,568700,4.63313
2001-02-13,26.34002,26.59999,26.00,26.27999,457500,4.61032
2001-02-12,26.41003,26.88004,26.00,26.35001,1990700,4.6226
2001-02-09,27.03,27.60003,26.39999,26.43999,1571500,4.63839
2001-02-08,27.25002,27.52003,26.89002,27.00004,1291200,4.73664
2001-02-07,27.70001,27.70001,27.00004,27.19,609600,4.76996
2001-02-06,27.50001,27.80003,26.21003,27.75,626100,4.8682
2001-02-05,30.00001,30.00001,27.89002,27.90001,734800,4.89452
2001-02-02,29.48002,30.00001,29.48002,29.96001,000,5.25591
2001-02-01,29.48002,30.00001,29.48002,29.96001,000,5.25591
2001-01-31,29.48002,30.00001,29.48002,29.96001,000,5.25591
2001-01-30,29.48002,30.00001,29.48002,29.96001,000,5.25591
2001-01-29,29.48002,30.00001,29.48002,29.96001,000,5.25591
2001-01-26,29.48002,30.00001,29.48002,29.96001,000,5.25591
2001-01-25,29.48002,30.00001,29.48002,29.96001,000,5.25591
2001-01-24,29.48002,30.00001,29.48002,29.96001,000,5.25591
2001-01-23,29.48002,30.00001,29.48002,29.96001,000,5.25591
2001-01-22,29.48002,30.00001,29.48002,29.96001,000,5.25591
2001-01-19,29.48002,30.00001,29.48002,29.96001,310000,5.25591
2001-01-18,29.80001,30.00001,29.65,29.68002,403400,5.20679
2001-01-17,29.51003,30.20001,29.40002,29.75003,329600,5.21907
2001-01-16,29.35003,29.99003,29.35003,29.52002,848900,5.17872
2001-01-15,29.00002,30.25,29.00002,29.37001,1236000,5.1524
2001-01-12,30.84999,30.90003,30.00001,30.00001,1717800,5.26292
2001-01-11,31.20,31.28,30.73,30.95002,491000,5.42959
2001-01-10,30.58003,31.98002,30.55002,31.00001,889800,5.43835
2001-01-09,30.80001,31.11002,30.67002,30.88999,752200,5.41905
2001-01-08,31.70003,31.78002,30.78003,30.84999,2251800,5.41204
2001-01-05,32.00,32.39999,31.50003,31.79001,1878300,5.57695
2001-01-04,32.90002,33.00004,31.80,31.99001,3003400,5.61203
2001-01-03,33.43,33.94999,32.55001,32.94002,2792700,5.77869
2001-01-02,33.10001,33.54001,32.62002,33.42001,2559500,5.8629
2001-01-01,32.88004,33.19,32.11001,33.09003,000,5.80501
2000-12-29,32.88004,33.19,32.11001,33.09003,2525300,5.80501
2000-12-28,31.80,32.86001,30.01,32.74002,2149000,5.74361
2000-12-27,32.88004,32.99,31.50003,31.92,957400,5.59975
2000-12-26,32.20,32.90002,32.07001,32.64004,743400,5.72607
2000-12-25,32.01003,32.30002,31.50003,32.05003,1503100,5.62256
2000-12-22,32.20,32.77003,32.02002,32.05003,766800,5.62256
2000-12-21,32.80004,33.00004,32.30002,32.43999,1242500,5.69097
2000-12-20,31.50003,32.90002,31.00001,32.70002,2295000,5.73659
2000-12-19,31.68,31.90002,31.00001,31.40,920000,5.50853
2000-12-18,30.50003,32.00,30.49,31.56,2621000,5.53659
2000-12-15,30.00001,30.60001,30.00001,30.55002,700500,5.35941
2000-12-14,30.50003,30.56001,30.10004,30.20001,229800,5.29801
2000-12-13,30.30004,30.68001,30.10004,30.50003,493300,5.35064
2000-12-12,29.52002,30.60001,29.08002,30.19002,661900,5.29626
2000-12-11,29.36002,29.95003,29.00002,29.63003,853800,5.19802
2000-12-08,29.53999,29.90004,29.40002,29.52002,339500,5.17872
2000-12-07,29.41999,29.71003,29.35003,29.53999,707500,5.18222
2000-12-06,29.77,29.85,29.49999,29.70004,715600,5.2103
2000-12-05,29.48002,29.90004,29.27003,29.77,627500,5.22257
2000-12-04,29.00002,29.57999,28.88002,29.41001,474100,5.15942
2000-12-01,28.89001,29.21001,28.70,29.01001,880900,5.08925
2000-11-30,28.65001,29.05001,28.65001,28.98,1469200,5.08398
2000-11-29,29.29001,29.49999,28.75004,28.82,2021200,5.05591
2000-11-28,29.18,29.70004,29.02,29.32002,1533900,5.14363
2000-11-27,29.75003,29.75003,29.08002,29.28002,1646800,5.13662
2000-11-24,30.90003,31.00999,29.75003,29.86004,948300,5.23837
2000-11-23,30.01,31.08001,30.01,30.98003,1495200,5.43485
2000-11-22,30.10004,30.30004,29.85,30.12001,662800,5.28398
2000-11-21,30.11002,30.50003,29.85,30.00001,627000,5.26292
2000-11-20,30.60001,30.60001,29.80001,30.13,1025900,5.28573
2000-11-17,31.50003,31.50003,30.15003,30.65,953200,5.37695
2000-11-16,30.00001,30.48001,30.00001,30.14004,1019200,5.28749
2000-11-15,30.00001,30.45,30.00001,30.20001,873900,5.29801
2000-11-14,29.70004,30.66003,29.60002,30.20001,814800,5.29801
2000-11-13,30.15003,30.24001,29.51003,29.71003,2275900,5.21205
2000-11-10,30.50003,30.81,30.04001,30.14004,1332200,5.28749
2000-11-09,30.10004,30.80001,29.92001,30.55002,809500,5.35941
2000-11-08,30.25,30.25,29.95003,30.08001,828900,5.27696
2000-11-07,29.60002,30.25,29.60002,30.17,877300,5.29275
2000-11-06,29.65,30.05,29.35003,29.99003,1572500,5.26117
2000-11-03,30.11002,30.30004,29.61999,29.70004,1895600,5.2103
2000-11-02,30.25,30.72001,30.01,30.11002,1013500,5.28222
2000-11-01,30.04001,30.59002,29.80001,30.27002,1471100,5.31029
2000-10-31,30.55002,30.55002,29.87003,30.02004,2581800,5.26644
2000-10-30,31.98002,32.10002,30.40001,30.57,3680200,5.36292
2000-10-27,29.99003,31.70003,29.95003,31.61004,3682900,5.54537
2000-10-26,29.95003,30.88001,29.75003,29.85,3120900,5.23661
2000-10-25,30.75002,31.10003,29.80001,29.88001,4157300,5.24187
2000-10-24,30.68001,31.25004,30.41,30.79002,2240100,5.40152
2000-10-23,31.00001,32.10002,30.20001,30.91002,5302600,5.42257
2000-10-20,29.80001,30.88001,29.80001,30.70003,5023100,5.38573
2000-10-19,29.85,30.08001,29.41001,29.79003,2183400,5.22609
2000-10-18,28.28003,29.88001,28.16003,29.70004,4160000,5.2103
2000-10-17,28.23004,28.50,27.70001,28.20003,748900,4.94715
2000-10-16,27.86999,28.82,27.86999,28.21002,2163400,4.9489
2000-10-13,27.41002,28.95003,27.41002,27.86001,2707200,4.8875
2000-10-12,28.10,28.10999,27.58001,27.66001,3234700,4.85242
2000-10-11,28.45001,29.06,28.02999,28.22,4819100,4.95066
2000-10-10,29.20002,29.20002,28.35004,28.46,1885300,4.99276
2000-10-09,28.29001,28.88002,27.89002,28.80002,1738600,5.05241
2000-10-06,27.98999,28.62,27.92003,28.26,000,4.95767
2000-10-05,27.98999,28.62,27.92003,28.26,000,4.95767
2000-10-04,27.98999,28.62,27.92003,28.26,000,4.95767
2000-10-03,27.98999,28.62,27.92003,28.26,000,4.95767
2000-10-02,27.98999,28.62,27.92003,28.26,000,4.95767
2000-09-29,27.98999,28.62,27.92003,28.26,2264200,4.95767
2000-09-28,27.80003,28.40003,27.80003,28.09002,2007700,4.92785
2000-09-27,27.00004,28.15004,27.00004,27.89002,2117500,4.89277
2000-09-26,27.60003,28.00003,27.36003,27.54001,1224000,4.83136
2000-09-25,27.81002,28.20003,27.30001,27.59,2269800,4.84013
2000-09-22,26.87,27.90001,26.58001,27.70001,3503800,4.85943
2000-09-21,26.50002,27.28003,26.08,26.79,1701200,4.69979
2000-09-20,26.00,26.00,26.00,26.00,000,4.5612
2000-09-19,25.90002,26.00,25.56,26.00,1921300,4.5612
2000-09-18,26.00,26.25003,25.90002,26.02002,1132800,4.56471
2000-09-15,26.61003,26.80004,26.00,26.01003,1673000,4.56296
2000-09-14,26.88004,26.96004,26.54002,26.70001,1076000,4.684
2000-09-13,27.16003,27.16003,26.83,26.92004,1038600,4.7226
2000-09-12,26.90001,27.20003,26.59999,27.04004,1407400,4.74365
2000-09-11,26.72004,26.80004,26.05003,26.71,813900,4.68576
2000-09-08,26.97002,26.97002,26.01003,26.51,1380700,4.65067
2000-09-07,26.70001,27.25002,26.61003,26.87,2368200,4.71382
2000-09-06,25.88,26.88004,25.70002,26.55999,2589000,4.65944
2000-09-05,27.10001,27.30001,25.82002,25.93003,1702700,4.54892
2000-09-04,27.00004,27.00004,26.45003,27.00004,2450900,4.73664
2000-09-01,25.94002,27.17002,25.54002,26.62001,5606300,4.66997
2000-08-31,25.65003,26.55999,25.30003,25.94002,3967600,4.55068
2000-08-30,26.30002,26.35001,25.66002,25.67001,2209200,4.50331
2000-08-29,25.70002,26.46002,25.60,26.35999,3250200,4.62435
2000-08-28,25.67001,25.78002,25.20,25.72,1550800,4.51208
2000-08-25,24.70003,25.68,24.70003,25.49004,2250000,4.47174
2000-08-24,24.80,24.90003,24.04001,24.70003,679600,4.33314
2000-08-23,24.51002,24.90003,23.60001,24.29,1230500,4.26121
2000-08-22,24.95002,25.52,24.68999,24.68999,1102500,4.33138
2000-08-21,24.31002,24.95002,23.09999,24.88,891500,4.36472
2000-08-18,24.20001,24.50003,24.15002,24.18003,542400,4.24192
2000-08-17,24.60001,24.80,24.18003,24.18003,587300,4.24192
2000-08-16,25.00,25.00,24.44001,24.55002,593100,4.30683
2000-08-15,24.90003,25.18003,24.84999,24.96,619400,4.37875
2000-08-14,24.50003,25.00,24.50003,24.90003,712200,4.36823
2000-08-11,24.80999,24.99002,24.48999,24.50003,520100,4.29806
2000-08-10,25.10003,25.30003,24.75002,24.80,822000,4.35068
2000-08-09,24.50003,25.08999,24.26003,25.03002,1158600,4.39103
2000-08-08,24.06004,24.50003,24.00001,24.35002,535400,4.27174
2000-08-07,24.10003,24.10003,23.80001,24.05,545000,4.21911
2000-08-04,24.08001,24.40001,24.08001,24.14003,653700,4.2349
2000-08-03,24.27002,24.60001,24.08001,24.10003,666200,4.22789
2000-08-02,23.80001,24.50003,23.80001,24.26003,500100,4.25596
2000-08-01,23.59003,23.91002,23.31003,23.88001,613000,4.18929
2000-07-31,24.01,24.01,23.48002,23.60001,1452200,4.14017
2000-07-28,24.10003,24.10003,23.89,23.98003,651300,4.20684
2000-07-27,24.30003,24.30003,23.83002,24.03002,563000,4.2156
2000-07-26,23.82004,24.50003,23.57999,24.01,1141900,4.21209
2000-07-25,23.90004,24.38003,23.65999,23.82004,797100,4.17877
2000-07-24,24.70003,24.70003,23.81,23.99002,1166300,4.20859
2000-07-21,24.80,24.96999,24.52001,24.70003,448800,4.33314
2000-07-20,25.23001,25.58002,24.75002,24.76999,438200,4.34542
2000-07-19,24.84999,25.23001,24.78003,25.23001,509600,4.42612
2000-07-18,24.52001,25.00,24.52001,24.98003,412600,4.38227
2000-07-17,24.98003,24.98003,24.50003,24.74003,794200,4.34016
2000-07-14,25.18003,25.48,24.60001,24.96,972900,4.37875
2000-07-13,25.85003,25.85003,25.20,25.38002,876300,4.45244
2000-07-12,26.00,26.00,25.53004,25.86002,765700,4.53664
2000-07-11,25.30003,25.87001,25.25004,25.85003,930000,4.53489
2000-07-10,25.30003,25.80,25.20,25.61003,715300,4.49279
2000-07-07,24.70003,25.70002,24.70003,25.37004,595300,4.45068
2000-07-06,24.71002,24.90003,24.55002,24.74003,433400,4.34016
2000-07-05,24.70003,24.96999,24.52001,24.71002,548500,4.3349
2000-07-04,24.18003,24.98003,24.18003,24.51002,669500,4.29981
2000-07-03,25.15001,25.15001,24.50003,24.52001,953900,4.30156
2000-06-30,25.71001,25.73003,25.10003,25.22002,821800,4.42437
2000-06-29,25.25004,25.70002,24.80,25.66002,1377900,4.50156
2000-06-28,25.00,25.60,24.84001,25.27001,1509800,4.43314
2000-06-27,25.10003,25.65003,24.84001,24.98003,1403400,4.38227
2000-06-26,25.85003,26.29003,25.30003,25.42003,1287800,4.45945
2000-06-23,25.28,25.85003,25.28,25.75001,1346600,4.51734
2000-06-22,24.92999,25.80,24.90003,25.28,1640000,4.43489
2000-06-21,24.50003,25.21004,24.45,24.84999,1136800,4.35945
2000-06-20,25.30003,25.36,24.31002,24.45,2580300,4.28928
2000-06-19,26.27999,26.59999,25.00,25.36,2192200,4.44892
2000-06-16,26.75,26.85003,26.21003,26.31999,760900,4.61734
2000-06-15,26.45003,26.80004,26.15001,26.75,1165800,4.69277
2000-06-14,27.00004,27.01002,26.39999,26.47,903700,4.64365
2000-06-13,26.80004,27.25002,26.59999,26.94001,819400,4.72611
2000-06-12,26.09003,26.90001,26.00,26.70001,901700,4.684
2000-06-09,26.30002,26.70001,26.30002,26.35999,1067300,4.62435
2000-06-08,27.11,27.11,26.39999,26.49003,1647500,4.64717
2000-06-07,27.00004,27.94,26.95,27.20003,1667400,4.77172
2000-06-06,26.19999,27.19,26.19001,26.90001,1850700,4.71909
2000-06-05,26.90001,27.13002,26.22002,26.33003,3241000,4.6191
2000-06-02,28.00003,28.20003,26.68004,26.96004,3933200,4.72962
2000-06-01,28.38,28.95003,27.80003,28.00003,1754900,4.91207
2000-05-31,28.00003,28.79004,27.30001,28.35004,2556500,4.97347
2000-05-30,29.00002,29.29001,28.08003,28.10,3727800,4.9296
2000-05-29,28.00003,29.36002,27.90999,28.88002,7649800,5.06644
2000-05-26,26.35001,28.28003,25.85003,27.68003,6621000,4.85593
2000-05-25,26.05003,26.50002,25.80,26.34002,4305600,4.62085
2000-05-24,26.70001,27.70001,25.80,25.90002,6580100,4.54366
2000-05-23,26.66002,27.15,26.10002,26.62001,4592800,4.66997
2000-05-22,26.00,27.48003,26.00,26.58001,7684500,4.66295
2000-05-19,25.49004,25.88,25.12,25.75001,5221100,4.51734
2000-05-18,24.37,25.70002,24.32001,25.26003,4709700,4.43139
2000-05-17,24.30003,25.18003,24.01,24.37,4635200,4.27525
2000-05-16,24.50003,24.71002,23.90004,23.91002,2657300,4.19455
2000-05-15,23.37999,24.50003,22.90,24.34003,3340300,4.26999
2000-05-12,22.76002,23.80001,22.73001,23.33999,2827800,4.09455
2000-05-11,23.00002,23.44002,22.61001,22.76002,1198000,3.99281
2000-05-10,24.50003,24.90003,23.00002,23.17001,3357700,4.06473
2000-05-09,24.99002,25.49004,24.20001,24.60999,3667800,4.31735
2000-05-08,24.55002,25.50002,24.25,24.95002,6784300,4.377
2000-05-05,22.60002,24.50003,22.60002,24.19002,000,4.24367
2000-05-04,22.60002,24.50003,22.60002,24.19002,000,4.24367
2000-05-03,22.60002,24.50003,22.60002,24.19002,000,4.24367
2000-05-02,22.60002,24.50003,22.60002,24.19002,000,4.24367
2000-05-01,22.60002,24.50003,22.60002,24.19002,000,4.24367
2000-04-28,22.60002,24.50003,22.60002,24.19002,7532000,4.24367
2000-04-27,23.56001,23.56001,22.65001,22.67003,2083000,3.97702
2000-04-26,23.09999,24.30003,23.05999,23.39003,5689900,4.10333
2000-04-25,22.95003,23.20002,22.66,23.04002,2067500,4.04193
2000-04-24,22.02999,23.00002,22.00003,22.92002,1958300,4.02088
2000-04-21,22.47003,22.70,22.10,22.28002,453800,3.9086
2000-04-20,22.51004,23.00002,22.24002,22.60002,1335400,3.86217
2000-04-19,22.20003,22.55003,22.05001,22.23004,844600,3.79895
2000-04-18,21.80003,22.30,21.00003,22.20003,913400,3.79382
2000-04-17,22.02,22.50,21.65002,21.81002,1305700,3.72717
2000-04-14,22.50,22.87003,22.02,22.30,1269100,3.8109
2000-04-13,22.99003,23.20002,22.30,22.33001,1132100,3.81603
2000-04-12,22.45001,22.45001,22.45001,22.45001,000,3.83654
2000-04-11,23.09999,23.40001,22.00003,22.45001,2923700,3.83654
2000-04-10,22.38,23.29999,22.01001,23.07003,2890100,3.94249
2000-04-07,22.50,22.65001,22.14999,22.26,959700,3.80407
2000-04-06,22.10999,22.50,22.00003,22.41001,1616500,3.8297
2000-04-05,21.50001,22.10,21.50001,22.06999,1265400,3.77159
2000-04-04,21.54999,22.05001,21.50001,21.53002,1348800,3.67932
2000-04-03,21.94999,22.60002,21.62999,21.80003,1645000,3.72546
2000-03-31,22.53001,22.70,21.90999,22.01001,1369900,3.76135
2000-03-30,22.20003,23.09001,22.14,22.53001,2183800,3.85021
2000-03-29,22.61001,22.70,22.01001,22.14,1586900,3.78356
2000-03-28,22.38,22.50,21.80003,22.46,2568600,3.83824
2000-03-27,21.60003,22.45001,21.21002,22.12003,2565500,3.78015
2000-03-24,21.60003,21.98999,21.10001,21.53002,2631300,3.67932
2000-03-23,20.89002,21.78999,20.81002,21.50001,2200000,3.67419
2000-03-22,21.20003,21.20003,20.71,20.90001,1015700,3.57165
2000-03-21,20.88003,21.30001,20.55,21.00003,1319200,3.58875
2000-03-20,19.99999,20.78001,19.90002,20.59999,1127600,3.52038
2000-03-17,20.01003,20.39999,19.99999,20.35999,1043400,3.47937
2000-03-16,20.51999,20.58001,19.79999,19.95001,1095000,3.40931
2000-03-15,20.09003,21.50001,20.07999,20.51,1011600,3.505
2000-03-14,20.66001,20.66001,19.70002,20.07999,1522400,3.43152
2000-03-13,20.10002,20.89002,19.83999,20.75,2478100,3.54602
2000-03-10,20.95,20.95,20.25003,20.31,1760100,3.47083
2000-03-09,21.21002,21.84003,21.20003,21.22001,1005900,3.62634
2000-03-08,21.40003,21.70,21.03,21.50999,894200,3.6759
2000-03-07,21.29002,21.45002,20.88003,21.40003,1426100,3.6571
2000-03-06,22.38,22.70,21.40003,21.45002,1649900,3.66565
2000-03-03,21.90999,22.50,21.90999,22.23004,1313000,3.79895
2000-03-02,22.00003,22.49001,21.80003,21.86,1586000,3.73571
2000-03-01,22.56002,22.56002,21.85001,22.18,1805200,3.7904
2000-02-29,23.78004,23.98003,22.00003,22.70,2711900,3.87926
2000-02-28,22.90,23.90004,22.80002,23.31003,4768200,3.98351
2000-02-25,21.50001,22.80002,21.10001,22.49001,4225400,3.84337
2000-02-24,20.65002,21.80003,20.65002,21.20003,1270700,3.62293
2000-02-23,21.68003,21.70,20.50001,20.89002,1520600,3.56995
2000-02-22,21.50001,22.40002,21.40003,21.66999,2199200,3.70324
2000-02-21,22.02999,22.50,21.41002,21.50001,3089300,3.67419
2000-02-18,21.00003,22.05001,21.00003,22.02999,2080400,3.76476
2000-02-17,24.80,25.80,22.05001,22.05001,5063800,3.76818
2000-02-16,23.49999,24.90003,23.21999,24.50003,5192800,4.18687
2000-02-15,23.49999,25.80,22.88002,23.69,7110500,4.04844
2000-02-14,21.80003,23.45,21.60003,23.45,4360100,4.00743
2000-02-11,21.98999,22.28002,21.28003,21.32003,000,3.64343
2000-02-10,21.98999,22.28002,21.28003,21.32003,000,3.64343
2000-02-09,21.98999,22.28002,21.28003,21.32003,000,3.64343
2000-02-08,21.98999,22.28002,21.28003,21.32003,000,3.64343
2000-02-07,21.98999,22.28002,21.28003,21.32003,000,3.64343
2000-02-04,21.98999,22.28002,21.28003,21.32003,000,3.64343
2000-02-03,21.98999,22.28002,21.28003,21.32003,000,3.64343
2000-02-02,21.98999,22.28002,21.28003,21.32003,000,3.64343
2000-02-01,21.98999,22.28002,21.28003,21.32003,000,3.64343
2000-01-31,21.98999,22.28002,21.28003,21.32003,000,3.64343
2000-01-28,21.98999,22.28002,21.28003,21.32003,2542200,3.64343
2000-01-27,21.38999,22.30,21.28003,21.70999,2316500,3.71007
2000-01-26,21.19,21.60003,20.75,21.20003,1149600,3.62293
2000-01-25,22.10,22.60002,21.06001,21.10001,2785400,3.60583
2000-01-24,20.86001,22.01001,20.86001,22.00003,4723500,3.75964
2000-01-21,21.00003,21.60003,20.70001,20.76004,2850200,3.54773
2000-01-20,20.42001,20.98001,20.19999,20.80003,1276800,3.55457
2000-01-19,19.70002,20.49002,19.65003,20.43,846200,3.49133
2000-01-18,20.10002,20.10002,19.78002,19.93003,376100,3.40589
2000-01-17,19.90002,20.15,19.50002,19.99999,330700,3.41785
2000-01-14,19.75999,19.99999,19.58002,19.60,433600,3.34949
2000-01-13,19.99999,20.27999,19.65003,19.75001,549200,3.37513
2000-01-12,20.57003,20.89002,19.90002,20.03,1293800,3.42298
2000-01-11,21.00003,22.18,20.10002,20.55999,3740700,3.51355
2000-01-10,21.00003,21.25002,20.47999,20.80003,1777900,3.55457
2000-01-07,20.50001,20.95,20.31999,20.79,2037800,3.55285
2000-01-06,19.79001,20.50001,19.51001,20.38001,1036600,3.48279
2000-01-05,19.75999,20.47999,19.60,19.83001,859700,3.3888
2000-01-04,19.32,19.90002,19.30002,19.75999,427200,3.37683
2000-01-03,19.20,19.35001,19.20,19.23001,000,3.28626
1999-12-31,19.20,19.35001,19.20,19.23001,000,3.28626
1999-12-30,19.20,19.35001,19.20,19.23001,86900,3.28626
1999-12-29,19.12999,19.29004,19.02002,19.20,124500,3.28114
1999-12-28,19.38002,19.68,19.00999,19.16999,306700,3.27601
1999-12-27,19.20,19.48,19.00,19.16,323100,3.2743
1999-12-24,19.56,19.87999,19.30002,19.30002,236200,3.29823
1999-12-23,19.70002,20.05003,19.54002,19.65003,247000,3.35804
1999-12-22,19.65003,20.10002,19.50002,19.66002,274700,3.35975
1999-12-21,19.65003,19.78002,19.41003,19.61003,350400,3.35121
1999-12-20,20.10002,20.50001,19.79999,19.81003,000,3.38539
1999-12-17,20.10002,20.50001,19.79999,19.81003,1044800,3.38539
1999-12-16,19.45003,20.99,19.40,20.27999,2305400,3.4657
1999-12-15,18.71002,19.79001,18.71002,19.34002,559500,3.30506
1999-12-14,19.04999,19.30002,19.04999,19.16999,184800,3.27601
1999-12-13,19.41003,19.49003,19.00,19.00,335100,3.24696
1999-12-10,19.00,19.38002,19.00,19.33003,379200,3.30336
1999-12-09,19.02002,19.12999,19.00,19.04,118200,3.25379
1999-12-08,19.00,19.20,18.90003,19.18002,184000,3.27772
1999-12-07,18.84999,19.45003,18.84999,18.92,148800,3.23329
1999-12-06,18.88,18.98002,18.55002,18.84,175700,3.21961
1999-12-03,18.76999,18.90003,18.76,18.88,180200,3.22645
1999-12-02,19.00,19.00,18.70003,18.76999,69500,3.20765
1999-12-01,18.60,19.00,18.54003,18.84999,166100,3.22132
1999-11-30,18.67002,18.88999,18.60,18.62003,125100,3.18202
1999-11-29,18.44999,18.84999,18.43002,18.67002,114600,3.19057
1999-11-26,18.90003,19.00,18.68,18.76,138200,3.20594
1999-11-25,19.00,19.10002,18.82003,18.84999,98300,3.22132
1999-11-24,19.18002,19.30002,19.00,19.04999,129000,3.2555
1999-11-23,18.82003,19.24999,18.68,18.99001,146100,3.24525
1999-11-22,19.10002,19.10002,18.75001,18.80999,111200,3.21449
1999-11-19,19.14002,19.32,19.00,19.20,212500,3.28114
1999-11-18,18.96999,19.48,18.75001,19.14002,356500,3.27089
1999-11-17,18.84,19.20,18.70003,18.96999,118500,3.24183
1999-11-16,18.75001,19.20,18.55002,18.84999,215000,3.22132
1999-11-15,19.10002,19.10002,18.58003,18.60,221000,3.1786
1999-11-12,19.00,19.04999,18.88999,19.03001,212700,3.25209
1999-11-11,19.02002,19.10002,18.90003,19.00,265000,3.24696
1999-11-10,19.41003,19.42002,18.98002,19.08,373500,3.26063
1999-11-09,19.68,19.75001,19.50002,19.51001,138900,3.33411
1999-11-08,19.50002,19.82002,19.50002,19.68,149500,3.36316
1999-11-05,19.90002,19.90002,19.60,19.67001,171300,3.36146
1999-11-04,20.10002,20.10002,19.68,19.69003,206500,3.36488
1999-11-03,19.99999,19.99999,19.66002,19.97003,160700,3.41273
1999-11-02,19.99999,19.99999,19.60,19.65003,56400,3.35804
1999-11-01,19.55001,19.79999,19.55001,19.74002,126600,3.37342
1999-10-29,19.99999,20.10002,19.75001,19.79999,277700,3.38367
1999-10-28,20.50001,20.50001,20.09003,20.17003,402900,3.44691
1999-10-27,20.38001,20.61002,20.26002,20.43,525700,3.49133
1999-10-26,19.61003,20.27999,19.61003,19.95999,289500,3.41101
1999-10-25,20.10002,20.10002,19.60,19.66002,242000,3.35975
1999-10-22,19.51001,20.67,19.50002,20.06002,656800,3.42811
1999-10-21,19.79999,19.79999,19.49003,19.54002,276100,3.33924
1999-10-20,20.67999,20.67999,19.50002,19.95001,215000,3.40931
1999-10-19,19.60,19.79999,19.50002,19.50002,229000,3.33241
1999-10-18,19.77003,19.89003,19.69003,19.69003,102500,3.36488
1999-10-15,19.60,20.01003,19.50002,19.77003,226900,3.37855
1999-10-14,19.40,19.90002,19.40,19.50002,171400,3.33241
1999-10-13,19.90002,19.90002,19.50002,19.52,213500,3.33582
1999-10-12,19.71001,19.79999,19.60,19.79999,136900,3.38367
1999-10-11,19.87999,19.99999,19.50002,19.60,153100,3.34949
1999-10-08,20.05003,20.05003,19.55001,19.65003,239300,3.35804
1999-10-07,20.39999,20.39999,20.02002,20.03999,000,3.42468
1999-10-06,20.39999,20.39999,20.02002,20.03999,000,3.42468
1999-10-05,20.39999,20.39999,20.02002,20.03999,000,3.42468
1999-10-04,20.39999,20.39999,20.02002,20.03999,000,3.42468
1999-10-01,20.39999,20.39999,20.02002,20.03999,000,3.42468
1999-09-30,20.39999,20.39999,20.02002,20.03999,298400,3.42468
1999-09-29,20.26002,20.71999,20.19,20.23,301700,3.45716
1999-09-28,20.51,20.53003,20.26002,20.39999,65800,3.4862
1999-09-27,20.77002,20.77002,20.35999,20.50001,156100,3.5033
1999-09-24,20.39999,20.98001,20.39999,20.76004,192200,3.54773
1999-09-23,20.80003,21.00003,20.37003,20.39999,338400,3.4862
1999-09-22,21.00003,21.10001,20.81002,20.81002,291800,3.55628
1999-09-21,20.80003,21.14001,20.67999,20.84004,238400,3.56141
1999-09-20,20.80003,20.95,20.70001,20.75,364200,3.54602
1999-09-17,20.75,21.00003,20.50001,20.78001,465800,3.55115
1999-09-16,20.78001,21.00003,20.65002,20.70001,431900,3.53748
1999-09-15,21.46001,21.50001,20.88003,20.90001,834200,3.57165
1999-09-14,21.88003,21.90,21.40003,21.44003,553200,3.66394
1999-09-13,21.80003,21.90,21.20003,21.70,908900,3.70837
1999-09-10,21.94999,22.78,21.35,21.40003,3661100,3.6571
1999-09-09,19.78002,21.34001,19.45003,21.34001,2750000,3.64685
1999-09-08,19.24999,19.50002,19.24999,19.40,247200,3.31531
1999-09-07,19.83001,19.83001,19.20,19.41003,254200,3.31703
1999-09-06,19.58002,19.58002,19.10002,19.36,220800,3.30848
1999-09-03,19.87001,19.87001,19.46002,19.58002,303000,3.34608
1999-09-02,19.60,19.75999,19.20,19.75001,311200,3.37513
1999-09-01,19.98002,20.05003,19.65003,19.66002,309800,3.35975
1999-08-31,20.07999,20.30001,19.00999,20.10002,460600,3.43494
1999-08-30,20.30001,20.50001,19.78002,20.15,1108800,3.44348
1999-08-27,18.00001,20.30001,18.00001,19.91999,706500,3.40418
1999-08-26,19.68,19.99001,19.40,19.79999,412100,3.38367
1999-08-25,20.10002,20.10002,19.62002,19.70002,303900,3.36658
1999-08-24,19.85003,20.38001,19.79999,19.99999,529500,3.41785
1999-08-23,19.99999,19.99999,19.62002,19.85003,324300,3.39222
1999-08-20,20.10002,20.50001,19.60,19.86002,576800,3.39393
1999-08-19,19.20,20.30001,19.20,20.03999,723000,3.42468
1999-08-18,19.50002,19.50002,19.00,19.18002,408400,3.27772
1999-08-17,19.20,19.69003,19.15001,19.41003,371200,3.31703
1999-08-16,19.60,19.70002,19.00,19.08,403700,3.26063
1999-08-13,19.51001,19.70002,19.51001,19.55001,246100,3.34095
1999-08-12,19.48,19.75001,19.48,19.51001,389900,3.33411
1999-08-11,19.49003,19.90002,19.42002,19.48,410100,3.32898
1999-08-10,19.65003,19.79999,19.41003,19.50002,581400,3.33241
1999-08-09,19.99999,20.22001,19.65003,19.79999,670400,3.38367
1999-08-06,20.59999,20.59999,19.60,20.39,1235600,3.4845
1999-08-05,20.10002,21.10001,20.10002,20.65002,875600,3.52893
1999-08-04,20.39999,21.10001,20.39999,20.89002,1204500,3.56995
1999-08-03,19.83001,20.47999,19.60,20.38001,1197100,3.48279
1999-08-02,19.68,19.99999,19.50002,19.83999,911900,3.39051
1999-07-30,19.68,19.90002,19.58002,19.61003,510600,3.35121
1999-07-29,19.50002,19.72,19.30002,19.67001,712800,3.36146
1999-07-28,19.35001,19.53003,19.20,19.24,959700,3.28797
1999-07-27,19.60,19.60,19.10002,19.34002,959200,3.30506
1999-07-26,19.51001,19.90002,19.00,19.60,2389900,3.34949
1999-07-23,20.66001,21.30001,18.47002,19.51001,3720600,3.33411
1999-07-22,21.60003,21.70,20.30001,20.51999,1333100,3.50671
1999-07-21,21.50001,22.36002,21.25002,21.74999,2996700,3.71691
1999-07-20,19.30002,21.18001,19.30002,21.18001,1545800,3.6195
1999-07-19,19.90002,19.90002,19.20,19.24999,1074400,3.28968
1999-07-16,20.80003,21.00003,19.99999,20.19999,1261800,3.45203
1999-07-15,21.35,21.45002,20.83,21.00003,859100,3.58875
1999-07-14,20.65002,21.48003,20.65002,21.22001,711000,3.62634
1999-07-13,20.80003,21.00003,20.50001,20.67,1109800,3.53235
1999-07-12,21.98999,22.00003,21.10001,21.18001,1089500,3.6195
1999-07-09,21.86999,22.35004,21.24003,22.13001,1155700,3.78185
1999-07-08,22.40002,22.47003,21.80003,21.86999,1620800,3.73742
1999-07-07,20.53003,22.10,20.53003,22.02999,1838900,3.76476
1999-07-06,21.50001,21.70,20.30001,20.54001,1701700,3.51013
1999-07-05,23.00002,23.17999,21.30001,21.44003,2105100,3.66394
1999-07-02,22.00003,23.29999,21.30999,22.69001,3440300,3.87755
1999-07-01,24.60001,24.60001,22.25001,22.25001,3308500,3.80236
1999-06-30,26.70001,26.71,24.60001,24.72001,4206600,4.22446
1999-06-29,27.80003,28.20003,26.00,26.67,4968700,4.5577
1999-06-28,25.10003,27.33002,25.10003,27.06001,5913300,4.62435
1999-06-25,25.45004,27.34001,24.90003,25.03002,9883200,4.27744
1999-06-24,22.86,24.88999,22.86,24.84999,6855600,4.24668
1999-06-23,22.05001,23.35003,22.05001,22.63003,2648300,3.8673
1999-06-22,22.30,22.32002,21.60003,22.00003,2250600,3.75964
1999-06-21,22.30,22.36002,21.85001,22.33001,3136200,3.81603
1999-06-18,22.50,22.65001,21.70999,21.85001,3789000,3.734
1999-06-17,21.00003,22.30,20.80003,22.18999,6934100,3.7921
1999-06-16,19.00,20.47999,19.00,20.29003,3861000,3.46741
1999-06-15,19.79999,20.47999,18.75001,18.88,3052400,3.22645
1999-06-14,19.00,19.60,19.00,19.58002,2422700,3.34608
1999-06-11,19.07001,19.42002,18.90003,18.90003,1470500,3.22987
1999-06-10,19.00,19.30002,18.84999,19.04999,1823400,3.2555
1999-06-09,18.88,18.94003,18.51002,18.86003,782600,3.22304
1999-06-08,19.30002,19.50002,18.80,18.95001,1450900,3.23841
1999-06-07,18.50003,19.60,18.50003,19.30002,2284900,3.29823
1999-06-04,17.61,18.50003,17.57999,18.39002,1491900,3.14272
1999-06-03,18.11002,18.15002,17.40001,17.60001,1148200,3.00771
1999-06-02,18.68999,19.20,18.20001,18.20999,1664300,3.11195
1999-06-01,18.70003,18.98002,18.16999,18.74003,777700,3.20253
1999-05-31,19.20,19.59001,18.00001,18.60,1201700,3.1786
1999-05-28,22.45002,22.83998,22.14997,22.58998,1852900,3.13379
1999-05-27,22.29999,22.99999,22.16997,22.53,1845300,3.12547
1999-05-26,21.87998,22.58998,21.32001,22.00001,1603400,3.05194
1999-05-25,22.59998,23.40001,21.80,21.99001,2544900,3.05056
1999-05-24,21.66998,22.75,21.66998,22.75,5001800,3.15599
1999-05-21,20.60001,20.67999,19.99999,20.67999,1005100,2.86883
1999-05-20,18.80,18.80,18.80,18.80,000,2.60802
1999-05-19,18.10,19.00001,17.83001,18.80,520000,2.60802
1999-05-18,17.75997,18.25002,17.65,17.78002,392500,2.46653
1999-05-17,17.97997,18.25002,17.50997,17.72998,245500,2.45959
1999-05-14,18.61999,18.61999,17.97997,18.00002,415800,2.49705
1999-05-13,19.00001,19.00001,18.50002,18.62998,244100,2.58444
1999-05-12,19.01,19.20002,18.89997,19.09998,244000,2.64964
1999-05-11,18.72002,19.09998,18.70002,19.00001,341600,2.63577
1999-05-10,19.50,19.90001,18.00002,18.81,524400,2.60941
1999-05-07,19.99999,20.10002,19.74999,19.81998,129200,2.74952
1999-05-06,19.99999,20.37001,19.90001,20.14001,235500,2.79392
1999-05-05,19.50,20.19,19.50,20.18,255100,2.79946
1999-05-04,19.99999,19.99999,19.51999,19.65002,237100,2.72594
1999-05-03,20.29997,20.29997,19.90001,20.00999,000,2.77588
1999-04-30,20.29997,20.29997,19.90001,20.00999,269800,2.77588
1999-04-29,19.84997,19.99999,19.40002,19.98999,248300,2.77311
1999-04-28,19.09998,20.99997,19.09998,19.84997,489000,2.75368
1999-04-27,19.40002,19.70001,19.29999,19.31998,465800,2.68016
1999-04-26,20.58002,20.60001,19.57998,19.58998,765500,2.71761
1999-04-23,20.90,20.90,20.49998,20.56002,375400,2.85218
1999-04-22,21.19998,21.30001,20.50998,20.94998,559000,2.90628
1999-04-21,21.69997,21.88998,21.30001,21.39999,291700,2.96871
1999-04-20,21.80,21.96002,21.75002,21.79001,182400,3.02281
1999-04-19,21.60,22.09999,21.56001,21.75002,350700,3.01726
1999-04-16,21.50002,22.00001,21.48003,21.64998,290900,3.00339
1999-04-15,22.00001,22.09999,21.55001,21.60,319500,2.99645
1999-04-14,22.30999,22.30999,21.80,21.85999,359000,3.03252
1999-04-13,21.84999,22.20002,21.59,22.19002,422400,3.0783
1999-04-12,22.79999,22.79999,21.00997,21.90998,1388500,3.03945
1999-04-09,22.91002,23.15001,22.76,23.09997,295200,3.20454
1999-04-08,22.79999,23.15001,22.65002,22.91002,403600,3.17818
1999-04-07,22.75,23.09997,22.65002,22.79999,410700,3.16292
1999-04-06,23.69999,23.80002,22.99999,23.13002,333400,3.2087
1999-04-05,22.95001,23.73998,22.95001,23.24999,372300,3.22535
1999-04-02,22.59998,23.00999,22.50,23.00999,408700,3.19205
1999-04-01,22.75,22.99999,22.55999,22.68002,309700,3.14628
1999-03-31,22.93001,23.20,22.57998,22.71001,591200,3.15044
1999-03-30,23.61002,23.74998,22.89002,22.93001,340200,3.18096
1999-03-29,23.29998,23.85001,23.29998,23.73998,265100,3.29332
1999-03-26,23.29998,23.71999,23.29998,23.42,418900,3.24893
1999-03-25,23.95998,24.19998,23.67,23.69,501600,3.28639
1999-03-24,24.89998,25.00002,24.06002,24.19998,572900,3.35713
1999-03-23,24.75002,25.25001,24.60,24.70997,734000,3.42788
1999-03-22,25.17997,25.70002,24.60,24.67998,1490200,3.42372
1999-03-19,24.23997,25.79999,23.80002,25.19003,2810000,3.49448
1999-03-18,22.59998,24.78001,22.59998,23.99998,1966600,3.32939
1999-03-17,22.79999,22.80998,22.57998,22.59998,320400,3.13517
1999-03-16,22.79999,22.95001,22.39997,22.76999,300700,3.15876
1999-03-15,22.30999,22.88002,22.05,22.58998,554800,3.13379
1999-03-12,22.51,22.67002,22.20002,22.30999,285600,3.09495
1999-03-11,22.84997,22.84997,22.41003,22.56998,272100,3.13101
1999-03-10,22.39997,22.70001,22.09999,22.53999,147300,3.12685
1999-03-09,22.88002,23.07997,22.15997,22.20002,264000,3.07969
1999-03-08,22.06,22.76999,22.00001,22.70001,391000,3.14905
1999-03-05,22.00001,22.20002,21.91997,22.06,352600,3.06027
1999-03-04,22.09999,22.24001,21.91997,22.07999,460300,3.06304
1999-03-03,21.67998,22.39997,20.99997,22.08999,532300,3.06443
1999-03-02,22.50,22.59998,21.69997,21.89998,342600,3.03807
1999-03-01,22.79999,22.93001,22.50,22.59998,148500,3.13517
1999-02-26,22.70001,22.79999,22.65002,22.79999,000,3.16292
1999-02-25,22.70001,22.79999,22.65002,22.79999,000,3.16292
1999-02-24,22.70001,22.79999,22.65002,22.79999,000,3.16292
1999-02-23,22.70001,22.79999,22.65002,22.79999,000,3.16292
1999-02-22,22.70001,22.79999,22.65002,22.79999,000,3.16292
1999-02-19,22.70001,22.79999,22.65002,22.79999,000,3.16292
1999-02-18,22.70001,22.79999,22.65002,22.79999,000,3.16292
1999-02-17,22.70001,22.79999,22.65002,22.79999,000,3.16292
1999-02-16,22.70001,22.79999,22.65002,22.79999,000,3.16292
1999-02-15,22.70001,22.79999,22.65002,22.79999,000,3.16292
1999-02-12,22.70001,22.79999,22.65002,22.79999,000,3.16292
1999-02-11,22.70001,22.79999,22.65002,22.79999,000,3.16292
1999-02-10,22.70001,22.79999,22.65002,22.79999,000,3.16292
1999-02-09,22.70001,22.79999,22.65002,22.79999,262200,3.16292
1999-02-08,22.65002,22.65002,22.31999,22.53,345200,3.12547
1999-02-05,22.99999,23.07997,22.70001,22.70001,319800,3.14905
1999-02-04,23.40001,23.40001,22.99,23.09997,275000,3.20454
1999-02-03,23.40001,23.65,23.39001,23.40001,158400,3.24616
1999-02-02,22.98,23.88,22.75,23.40001,239400,3.24616
1999-02-01,23.40001,23.40001,22.71001,22.93001,375300,3.18096
1999-01-29,23.57002,23.99998,23.35002,23.64001,365700,3.27945
1999-01-28,23.80002,23.80002,23.54997,23.57002,315100,3.26974
1999-01-27,24.10001,24.37,23.68,23.74998,359100,3.29471
1999-01-26,23.49998,24.19998,23.49998,24.07002,264800,3.33911
1999-01-25,24.35,24.50002,23.99998,24.00997,462400,3.33078
1999-01-22,24.89998,24.89998,24.39999,24.53002,388600,3.40292
1999-01-21,24.50002,24.71997,24.30002,24.69997,225400,3.4265
1999-01-20,25.08,25.09999,24.63999,24.63999,223600,3.41817
1999-01-19,24.83,25.09999,24.61,24.94997,464600,3.46118
1999-01-18,24.45998,24.75002,23.99998,24.75002,428600,3.43344
1999-01-15,24.50002,24.85,24.38,24.50002,219800,3.39876
1999-01-14,24.50002,24.60,24.35,24.41999,238300,3.38765
1999-01-13,24.10001,24.97002,24.10001,24.39999,213900,3.38488
1999-01-12,24.98002,24.98002,24.52002,24.52002,199300,3.40153
1999-01-11,24.85,24.88998,24.39999,24.82,338500,3.44315
1999-01-08,23.85001,24.80001,23.80002,24.59,439600,3.41124
1999-01-07,23.78997,24.10001,23.71999,23.84002,203900,3.3072
1999-01-06,23.80002,24.18999,23.69,23.90,225000,3.31552
1999-01-05,24.19998,24.19998,23.40001,23.76998,642200,3.29748
1999-01-04,24.78001,24.78001,24.19998,24.22998,291100,3.3613
1999-01-01,24.88998,24.88998,24.39999,24.69997,000,3.4265
1998-12-31,24.88998,24.88998,24.39999,24.69997,382000,3.4265
1998-12-30,24.91998,25.05,24.50002,24.60,1175100,3.41263
1998-12-29,24.85,25.20002,24.69997,24.85,309500,3.44731
1998-12-28,25.79999,26.00,24.87999,24.94997,510300,3.46118
1998-12-25,25.01001,26.18001,25.01001,25.50001,1144900,3.53748
1998-12-24,25.03001,25.21002,25.02001,25.20002,215100,3.49587
1998-12-23,25.70002,25.94001,25.30,25.34999,184700,3.51667
1998-12-22,24.98002,25.78,24.69997,25.70002,426800,3.56523
1998-12-21,24.69997,24.87999,24.33001,24.69997,326000,3.4265
1998-12-18,24.39999,25.00002,24.39999,24.70997,225700,3.42788
1998-12-17,24.61999,25.00002,24.61999,24.69997,243700,3.4265
1998-12-16,25.39997,25.39997,24.89998,24.89998,197000,3.45424
1998-12-15,25.25001,25.29,24.81,25.25001,273000,3.5028
1998-12-14,25.64997,25.78999,25.26001,25.33999,168300,3.51528
1998-12-11,25.50001,26.01,25.45002,25.90002,232500,3.59297
1998-12-10,26.04998,26.20001,25.70002,25.73001,198400,3.56939
1998-12-09,26.37002,26.37002,26.01,26.09997,286000,3.62071
1998-12-08,26.20001,26.40001,26.00,26.05998,237300,3.61516
1998-12-07,26.00,26.90,26.00,26.00,255500,3.60684
1998-12-04,26.49999,26.60002,26.14002,26.20001,153700,3.63459
1998-12-03,26.27998,26.47,26.23,26.28998,239700,3.64707
1998-12-02,26.45,26.45,26.00,26.28998,315800,3.64707
1998-12-01,26.99998,27.10001,26.47999,26.47999,245800,3.67343
1998-11-30,26.29998,27.44998,26.09997,26.90,381200,3.73169
1998-11-27,26.71999,26.74998,26.23,26.42001,621700,3.66511
1998-11-26,27.00998,27.10001,26.49999,26.60002,360400,3.69008
1998-11-25,27.12001,27.80001,26.87001,27.05003,519800,3.75251
1998-11-24,27.30002,27.65999,27.00998,27.15,391200,3.76638
1998-11-23,26.99998,27.29002,26.90,26.99998,572100,3.74556
1998-11-20,27.30002,27.40,26.90,26.97998,487900,3.74279
1998-11-19,27.86,28.00002,27.14,27.24998,455700,3.78024
1998-11-18,27.80001,27.80001,27.12001,27.14,391100,3.76499
1998-11-17,28.10,28.39998,27.60,27.66999,633400,3.83851
1998-11-16,26.86002,29.35997,26.79997,27.86,1343600,3.86487
1998-11-13,26.99998,27.28003,26.79997,26.86002,703400,3.72615
1998-11-12,27.29002,27.60,27.16,27.19999,811900,3.77331
1998-11-11,27.49997,27.54002,27.02997,27.30002,1152600,3.78719
1998-11-10,28.00002,28.00002,27.40,27.54002,924100,3.82048
1998-11-09,27.49997,28.14998,27.40999,27.93998,1669600,3.87596
1998-11-06,27.85,28.70002,27.60,27.67998,4198100,3.8399
1998-11-05,25.94001,27.38,25.94001,27.36001,1596400,3.79551
1998-11-04,26.60002,26.60002,25.26001,25.93002,380000,3.59713
1998-11-03,26.59002,26.77998,26.40001,26.45,558100,3.66927
1998-11-02,25.70002,26.49999,25.51,26.44,666700,3.66788
1998-10-30,25.14998,26.04998,25.04,25.70002,494200,3.56523
1998-10-29,25.00002,25.57999,25.00002,25.30,301600,3.50973
1998-10-28,24.78001,25.14998,24.69997,25.14998,300900,3.48892
1998-10-27,24.67998,24.85,24.13,24.66998,601900,3.42234
1998-10-26,25.37998,25.37998,24.50002,24.85,630600,3.44731
1998-10-23,25.79999,26.20001,25.39997,25.48001,387900,3.53471
1998-10-22,25.46002,25.79999,24.94997,25.69002,1014900,3.56384
1998-10-21,26.27998,26.51998,25.50001,25.51,746300,3.53887
1998-10-20,27.15,27.30002,26.49999,26.57997,390800,3.6873
1998-10-19,26.60002,27.24998,26.49999,27.05003,826200,3.75251
1998-10-16,26.40001,26.73999,26.40001,26.59002,476800,3.68869
1998-10-15,26.29998,26.29998,26.01,26.29998,588900,3.64846
1998-10-14,26.79997,26.79997,26.16002,26.29998,281700,3.64846
1998-10-13,26.40001,27.19999,26.09997,26.78997,544100,3.71643
1998-10-12,26.90,26.99998,26.29998,26.36002,287600,3.65679
1998-10-09,26.54998,26.94999,26.49999,26.88001,228200,3.72892
1998-10-08,26.40001,26.60002,26.24999,26.54998,255500,3.68314
1998-10-07,26.48999,26.65001,26.20001,26.22,286400,3.63736
1998-10-06,26.97998,26.99998,26.29998,26.49999,287600,3.6762
1998-10-05,27.38,27.38,26.70,26.70,373000,3.70395
1998-10-02,26.86002,27.49997,26.86002,27.38,000,3.79828
1998-10-01,26.86002,27.49997,26.86002,27.38,000,3.79828
1998-09-30,26.86002,27.49997,26.86002,27.38,552900,3.79828
1998-09-29,26.65001,26.98998,26.61002,26.86002,329700,3.72615
1998-09-28,26.85002,27.15,26.49999,26.60002,340600,3.69008
1998-09-25,26.18001,26.78997,26.09997,26.70999,466000,3.70534
1998-09-24,26.80997,26.94999,26.09997,26.49999,681000,3.6762
1998-09-23,26.69,27.18999,26.60002,26.80997,409400,3.7192
1998-09-22,26.90,27.80001,26.65001,26.78997,512400,3.71643
1998-09-21,26.40001,26.88001,25.98,26.69,1022300,3.70256
1998-09-18,27.07002,27.07002,26.47999,26.70,2275200,3.70395
1998-09-17,27.60,28.19997,27.19999,27.30002,1342600,3.78719
1998-09-16,27.60,27.94997,27.31002,27.63999,1294100,3.83435
1998-09-15,27.89999,28.30,27.50997,27.63999,1766300,3.83435
1998-09-14,27.68998,28.79999,27.68998,27.89999,1932700,3.87042
1998-09-11,27.80001,28.25002,27.28003,27.80001,3060000,3.85655
1998-09-10,26.12003,28.57999,26.09997,27.90998,7140200,3.8718
1998-09-09,24.55001,26.00,23.99998,25.98,2142000,3.60407
1998-09-08,25.34999,25.34999,24.51002,24.51002,1137700,3.40015
1998-09-07,24.94997,25.05,24.50002,24.98002,947800,3.46535
1998-09-04,24.10001,24.78001,24.00997,24.63999,888800,3.41817
1998-09-03,23.60002,24.35,23.60002,24.18999,707600,3.35575
1998-09-02,22.79999,24.07002,22.62997,23.93999,1200000,3.32107
1998-09-01,23.90,24.08001,23.41001,23.80002,772900,3.30165
1998-08-31,22.90002,23.99998,22.26,23.98998,1007700,3.328
1998-08-28,22.85997,23.40001,22.85997,22.96,646000,3.18512
1998-08-27,23.69999,23.69999,23.11002,23.20,850900,3.21841
1998-08-26,24.19998,24.50002,23.99998,23.99998,636200,3.32939
1998-08-25,24.30002,24.61999,23.98998,24.47997,776800,3.1851
1998-08-24,24.60,24.94997,24.30002,24.44998,846700,3.1812
1998-08-21,24.15,24.50002,23.85001,24.45998,1225400,3.1825
1998-08-20,23.99998,24.31001,23.42,24.15,694200,3.14217
1998-08-19,22.97,23.99998,22.61997,23.69999,1245700,3.08362
1998-08-18,22.59998,23.45,22.20002,22.89002,1178300,2.97823
1998-08-17,24.69997,24.69997,22.60997,22.79999,1474200,2.96652
1998-08-14,25.70002,25.70002,24.89998,24.98002,960000,3.25016
1998-08-13,25.20002,26.40001,25.00002,25.97,1671600,3.37897
1998-08-12,25.37998,25.90002,24.40999,25.00002,996000,3.25277
1998-08-11,25.59998,26.00,25.01001,25.37998,514900,3.3022
1998-08-10,26.24999,26.24999,25.25001,25.59998,796800,3.33083
1998-08-07,26.32997,26.32997,26.00,26.18001,698000,3.4063
1998-08-06,26.20001,27.18999,26.20001,26.32997,464700,3.42581
1998-08-05,26.21,26.49999,26.00,26.18001,730500,3.4063
1998-08-04,27.17999,27.17999,26.09997,26.31998,908700,3.42451
1998-08-03,28.00002,28.00002,27.17999,27.30002,726100,3.55202
1998-07-31,27.60,28.37998,27.17999,27.98002,1255900,3.6405
1998-07-30,27.60,27.99002,27.40,27.60,560200,3.59105
1998-07-29,27.70998,28.05001,27.60,27.60,426200,3.59105
1998-07-28,28.50001,28.51001,27.92998,28.00002,325000,3.6431
1998-07-27,28.39998,28.58999,27.89999,28.17998,473500,3.66651
1998-07-24,27.80001,28.95002,27.80001,28.35999,677500,3.68993
1998-07-23,27.48997,28.19997,27.47998,27.89999,399500,3.63008
1998-07-22,28.28001,28.50001,27.80001,27.80001,537100,3.61708
1998-07-21,27.98002,29.45001,27.55002,28.74001,770300,3.73938
1998-07-20,28.70002,28.70002,27.81001,27.88999,721400,3.62878
1998-07-17,29.44001,29.44001,28.59999,28.80999,628200,3.74848
1998-07-16,28.19997,29.49999,28.19997,28.70002,524600,3.73418
1998-07-15,28.49001,28.50001,28.01002,28.14998,616700,3.66261
1998-07-14,28.98001,28.99,28.45002,28.49001,685300,3.70685
1998-07-13,29.74999,29.74999,28.79999,28.89997,561800,3.76019
1998-07-10,28.89997,29.65001,28.79999,29.49999,661300,3.83826
1998-07-09,29.00,29.29998,28.57999,28.87997,593200,3.75759
1998-07-08,28.19997,28.84998,28.00002,28.81999,545700,3.74979
1998-07-07,27.49997,28.28001,27.10001,28.10,862400,3.65611
1998-07-06,29.33998,29.33998,28.00002,28.02002,1320500,3.6457
1998-07-03,29.80997,29.99998,29.00,29.32998,591000,3.81614
1998-07-02,28.50001,29.99998,28.50001,29.76998,983100,3.87339
1998-07-01,30.87999,31.19998,29.00,29.05999,1734200,3.78101
1998-06-30,31.00002,31.50001,30.30003,30.47998,1261600,3.96577
1998-06-29,30.78002,32.20001,30.78002,31.19998,639600,4.05945
1998-06-26,32.27,32.99999,32.09998,32.71,681800,4.25592
1998-06-25,33.10002,33.18,32.20001,32.29999,651200,4.20257
1998-06-24,33.51997,33.51997,32.90001,33.05997,1009600,4.30145
1998-06-23,32.59997,33.99997,32.00001,33.51997,2428900,4.3613
1998-06-22,32.37997,33.28997,32.25,32.54998,1370300,4.2351
1998-06-19,31.87998,32.50,31.64998,32.32998,729000,4.20647
1998-06-18,31.99001,32.00001,31.50001,31.64998,562000,4.118
1998-06-17,32.54998,32.54998,31.56,31.62998,464100,4.1154
1998-06-16,31.70002,32.27999,31.00002,32.00001,1327600,4.16354
1998-06-15,32.95,32.95,31.84999,31.86998,1068100,4.14662
1998-06-12,33.20,33.40,32.54998,32.70001,1020400,4.25462
1998-06-11,33.35002,33.35002,32.11997,32.37997,793500,4.21298
1998-06-10,31.88997,33.38001,31.88997,32.98999,2087200,4.29235
1998-06-09,32.47001,32.48,31.65997,31.86998,1266800,4.14662
1998-06-08,32.96999,33.40,32.50,32.68001,1411400,4.25202
1998-06-05,32.50,33.49998,32.48,33.06997,2508700,4.30275
1998-06-04,31.40998,32.50,31.00002,32.40002,2272100,4.21559
1998-06-03,31.19998,31.89997,31.19998,31.41998,1379200,4.08807
1998-06-02,31.84999,32.14997,31.07001,31.58999,2195100,4.11019
1998-06-01,32.90001,32.90001,31.64998,31.84999,4238600,4.14402
1998-05-29,32.79998,33.27998,32.50,32.95,1985000,4.28714
1998-05-28,33.02998,33.47998,32.50,32.79998,2070600,4.26762
1998-05-27,33.80002,33.81002,32.09998,33.07997,6506500,4.30405
1998-05-26,32.96,35.50,32.96,33.91999,7679500,4.41335
1998-05-25,36.84001,37.29002,36.01999,36.62001,2980000,4.76465
1998-05-22,37.64999,37.67998,36.71999,36.83002,1688900,4.79197
1998-05-21,36.80003,37.50002,36.52998,37.24997,1940200,4.84661
1998-05-20,37.18999,37.21998,36.49998,36.73998,1850200,4.78026
1998-05-19,37.99002,37.99002,37.05002,37.23997,1111100,4.84531
1998-05-18,38.17997,38.98,37.80001,37.99002,1581800,4.9429
1998-05-15,38.07999,38.39997,37.58,38.00001,1425300,4.9442
1998-05-14,37.19998,38.30,37.00997,37.55001,1588600,4.88565
1998-05-13,37.17999,37.78001,36.99997,37.30002,1619100,4.85313
1998-05-12,36.99997,37.75002,36.60002,37.17999,1763300,4.83751
1998-05-11,38.20002,38.25001,37.00997,37.24997,3495000,4.84661
1998-05-08,37.75002,38.37998,37.60,38.09999,2953500,4.95721
1998-05-07,38.84998,39.49999,37.80001,37.85999,3865800,4.92599
1998-05-06,38.79999,39.27999,38.00001,38.91002,2404900,5.06261
1998-05-05,40.49997,40.60,38.87997,38.95001,3839600,5.06781
1998-05-04,38.79999,41.59998,38.48001,40.02997,7209300,5.20832
1998-05-01,38.00001,38.79999,37.94997,38.25001,000,4.97673
1998-04-30,38.00001,38.79999,37.94997,38.25001,2102000,4.97673
1998-04-29,37.65998,38.87997,37.57,37.91998,2809200,4.93379
1998-04-28,37.47997,37.99002,36.99997,37.56001,2041100,4.88695
1998-04-27,36.99997,37.60,36.51998,37.18999,2016500,4.83881
1998-04-24,38.00001,38.00001,36.97998,37.10001,4162900,4.8271
1998-04-23,39.00,39.42001,37.67998,37.77001,2619800,4.91428
1998-04-22,37.50002,39.00,37.39999,38.90002,3323200,5.0613
1998-04-21,37.19998,38.77999,37.08001,37.55001,1976000,4.88565
1998-04-20,35.29,38.40997,35.06999,37.24997,2405600,4.84661
1998-04-17,38.00001,38.90002,37.05002,37.29002,6733100,4.85183
1998-04-16,40.13,40.80001,38.84998,38.87997,6048000,5.05869
1998-04-15,39.00,40.80001,38.79999,40.13,5238100,5.22134
1998-04-14,40.39999,40.39999,38.64997,39.00,6910300,5.07431
1998-04-13,42.00,42.89001,39.00999,40.49997,16517100,5.26947
1998-04-10,35.68001,39.00,35.44002,39.00,20554500,5.07431
1998-04-09,35.70001,36.20,35.09999,35.38997,4573600,4.60461
1998-04-08,35.99999,36.49998,35.28,35.68001,5925700,4.64235
1998-04-07,36.11002,37.30002,35.54999,36.34002,4845100,4.72822
1998-04-06,36.80003,36.94999,34.69997,36.07997,9449500,4.69439
1998-04-03,37.30002,37.30002,36.29997,36.72998,6581300,4.77896
1998-04-02,37.80001,38.25001,36.68999,36.92999,10398200,4.80498
1998-04-01,36.29997,38.79999,36.29997,37.94997,15700500,4.93769
1998-03-31,36.77997,38.09999,36.00999,36.38001,13481100,4.73342
1998-03-30,37.47997,39.77998,35.99999,36.88001,27757600,4.79848
1998-03-27,22.99,61.00977,22.99,39.56997,72136800,5.14847

