Date,Open,High,Low,Close,Volume,Adj Close
2017-03-07,9.31,9.48,9.27,9.40,11242300,9.40
2017-03-06,9.20,9.34,9.18,9.31,8013900,9.31
2017-03-03,9.08,9.20,9.01,9.20,8032700,9.20
2017-03-02,9.18,9.19,9.07,9.09,7173400,9.09
2017-03-01,9.16,9.19,9.12,9.16,7439400,9.16
2017-02-28,9.11,9.20,9.11,9.15,5138300,9.15
2017-02-27,9.36,9.37,9.11,9.15,10573100,9.15
2017-02-24,9.26,9.35,9.19,9.33,6444700,9.33
2017-02-23,9.39,9.40,9.16,9.26,8689900,9.26
2017-02-22,9.20,9.41,9.16,9.41,10221800,9.41
2017-02-21,9.10,9.26,9.05,9.22,8428200,9.22
2017-02-20,9.27,9.27,8.90,9.09,15663400,9.09
2017-02-17,9.52,9.58,9.25,9.25,9876200,9.25
2017-02-16,9.53,9.60,9.50,9.52,7522000,9.52
2017-02-15,9.78,9.78,9.53,9.57,8148900,9.57
2017-02-14,9.71,9.82,9.67,9.76,6835000,9.76
2017-02-13,9.69,9.78,9.59,9.70,7645400,9.70
2017-02-10,9.82,9.82,9.70,9.71,7361500,9.71
2017-02-09,9.63,9.86,9.63,9.76,8685200,9.76
2017-02-08,9.65,9.69,9.49,9.66,6047000,9.66
2017-02-07,9.68,9.75,9.59,9.68,5571500,9.68
2017-02-06,9.51,9.76,9.50,9.71,5794200,9.71
2017-02-03,9.60,9.66,9.50,9.51,3639500,9.51
2017-02-02,9.61,9.61,9.61,9.61,000,9.61
2017-02-01,9.61,9.61,9.61,9.61,000,9.61
2017-01-31,9.61,9.61,9.61,9.61,000,9.61
2017-01-30,9.61,9.61,9.61,9.61,000,9.61
2017-01-27,9.61,9.61,9.61,9.61,000,9.61
2017-01-26,9.64,9.70,9.58,9.61,4356300,9.61
2017-01-25,9.68,9.79,9.50,9.63,7100400,9.63
2017-01-24,9.88,9.90,9.62,9.62,9864500,9.62
2017-01-23,9.59,10.17,9.56,9.93,11367800,9.93
2017-01-20,9.53,9.70,9.49,9.57,10253300,9.57
2017-01-19,9.35,9.63,9.30,9.62,7031600,9.62
2017-01-18,9.45,9.53,9.33,9.35,5289800,9.35
2017-01-17,9.27,9.48,9.15,9.47,6264800,9.47
2017-01-16,9.79,9.95,8.96,9.30,15861100,9.30
2017-01-13,10.10,10.22,9.90,9.95,8615000,9.95
2017-01-12,10.31,10.38,10.09,10.13,8966900,10.13
2017-01-11,10.67,10.67,10.30,10.31,10442400,10.31
2017-01-10,10.78,10.80,10.64,10.64,8293400,10.64
2017-01-09,10.79,10.93,10.74,10.79,9619800,10.79
2017-01-06,10.66,11.01,10.47,10.86,21618600,10.86
2017-01-05,10.82,10.88,10.65,10.68,15999700,10.68
2017-01-04,10.59,10.83,10.56,10.82,17015400,10.82
2017-01-03,10.45,10.73,10.42,10.59,12029100,10.59
2017-01-02,10.46,10.46,10.46,10.46,000,10.46
2016-12-30,10.47,10.58,10.37,10.46,9757100,10.46
2016-12-29,10.54,10.74,10.45,10.57,17052400,10.57
2016-12-28,10.21,10.75,10.20,10.65,22575500,10.65
2016-12-27,10.20,10.33,10.11,10.25,7320400,10.25
2016-12-26,10.18,10.26,9.91,10.22,9240000,10.22
2016-12-23,10.49,10.57,10.30,10.32,10132000,10.32
2016-12-22,10.42,10.54,10.28,10.49,11163100,10.49
2016-12-21,10.37,10.56,10.32,10.41,9315300,10.41
2016-12-20,10.28,10.54,10.25,10.39,9473900,10.39
2016-12-19,10.39,10.62,10.29,10.32,13488000,10.32
2016-12-16,10.23,10.72,10.15,10.51,20881400,10.51
2016-12-15,10.04,10.24,10.00,10.23,11865300,10.23
2016-12-14,10.02,10.24,9.88,10.07,13333600,10.07
2016-12-13,9.88,10.10,9.74,10.01,12734800,10.01
2016-12-12,10.44,10.52,9.83,9.84,18250000,9.84
2016-12-09,10.46,10.58,10.35,10.39,11165700,10.39
2016-12-08,10.55,10.75,10.38,10.56,17596800,10.56
2016-12-07,10.46,10.54,10.30,10.51,12055500,10.51
2016-12-06,10.43,10.67,10.26,10.52,16865800,10.52
2016-12-05,10.96,10.96,10.36,10.40,21535500,10.40
2016-12-02,11.39,11.55,11.14,11.18,15191800,11.18
2016-12-01,11.33,11.48,11.26,11.38,15480500,11.38
2016-11-30,11.20,11.29,11.01,11.20,10958300,11.20
2016-11-29,11.27,11.42,11.21,11.22,16267300,11.22
2016-11-28,11.37,11.46,11.16,11.20,13989900,11.20
2016-11-25,11.38,11.46,11.00,11.33,21227700,11.33
2016-11-24,11.69,11.78,11.28,11.38,31242800,11.38
2016-11-23,12.01,12.19,11.76,11.86,32242400,11.86
2016-11-22,11.62,11.78,11.55,11.70,19827800,11.70
2016-11-21,11.68,11.83,11.58,11.62,20180500,11.62
2016-11-18,12.01,12.05,11.56,11.69,32119500,11.69
2016-11-17,12.02,12.36,12.00,12.06,30841900,12.06
2016-11-16,12.12,12.26,11.87,11.92,25332700,11.92
2016-11-15,11.95,12.19,11.81,12.19,32372200,12.19
2016-11-14,12.35,12.38,11.76,11.95,51733800,11.95
2016-11-11,12.64,12.86,12.25,12.32,52887200,12.32
2016-11-10,12.95,13.20,12.64,12.68,59301200,12.68
2016-11-09,12.53,12.95,12.20,12.72,70026400,12.72
2016-11-08,12.34,12.95,12.21,12.62,63274400,12.62
2016-11-07,12.00,12.53,11.88,12.41,52648100,12.41
2016-11-04,12.60,12.88,12.16,12.22,76153500,12.22
2016-11-03,12.30,13.55,12.08,12.86,136224900,12.86
2016-11-02,12.99,13.47,12.31,12.57,156066800,12.57
2016-11-01,11.80,12.53,11.52,12.53,85557600,12.53
2016-10-31,10.89,11.47,10.84,11.39,51123000,11.39
2016-10-28,11.24,11.29,10.85,10.90,45322700,10.90
2016-10-27,11.19,11.40,11.04,11.35,60141800,11.35
2016-10-26,11.36,12.26,11.22,11.42,112352300,11.42
2016-10-25,11.20,11.59,11.01,11.36,129621000,11.36
2016-10-24,10.22,11.01,10.11,11.01,115094100,11.01
2016-10-21,10.25,10.26,9.88,10.01,26571500,10.01
2016-10-20,10.51,10.68,10.36,10.37,20669300,10.37
2016-10-19,10.45,10.57,10.32,10.40,18851300,10.40
2016-10-18,10.20,10.41,10.14,10.41,17376000,10.41
2016-10-17,10.10,10.44,10.08,10.26,18638900,10.26
2016-10-14,10.29,10.35,10.07,10.12,20431200,10.12
2016-10-13,10.40,10.63,10.34,10.39,18754200,10.39
2016-10-12,10.50,10.57,10.25,10.44,25209800,10.44
2016-10-11,10.26,10.77,10.20,10.62,37956400,10.62
2016-10-10,10.18,10.34,10.05,10.29,24851000,10.29
2016-10-07,10.06,10.06,10.06,10.06,000,10.06
2016-10-06,10.06,10.06,10.06,10.06,000,10.06
2016-10-05,10.06,10.06,10.06,10.06,000,10.06
2016-10-04,10.06,10.06,10.06,10.06,000,10.06
2016-10-03,10.06,10.06,10.06,10.06,000,10.06
2016-09-30,10.04,10.26,10.00,10.06,21569900,10.06
2016-09-29,10.05,10.30,9.82,10.04,26985300,10.04
2016-09-28,9.90,10.09,9.83,10.00,19630600,10.00
2016-09-27,10.35,10.43,9.62,9.91,40079400,9.91
2016-09-26,10.73,10.95,10.20,10.30,42779400,10.30
2016-09-23,10.99,11.16,10.70,10.86,51116700,10.86
2016-09-22,10.55,11.39,10.55,11.08,66381300,11.08
2016-09-21,10.43,10.88,10.35,10.55,42349600,10.55
2016-09-20,10.45,10.58,10.23,10.35,26581800,10.35
2016-09-19,10.31,10.68,10.16,10.52,31619800,10.52
2016-09-16,10.36,10.36,10.36,10.36,000,10.36
2016-09-15,10.36,10.36,10.36,10.36,000,10.36
2016-09-14,10.36,10.87,10.13,10.36,52970800,10.36
2016-09-13,10.26,10.92,10.20,10.53,64941800,10.53
2016-09-12,10.13,10.56,10.02,10.07,56136400,10.07
2016-09-09,10.35,11.20,10.15,10.71,99003800,10.71
2016-09-08,9.34,10.35,9.33,10.35,84889300,10.35
2016-09-07,9.36,9.69,9.25,9.41,35818600,9.41
2016-09-06,9.11,9.46,9.10,9.40,28555800,9.40
2016-09-05,9.15,9.34,9.12,9.18,22937000,9.18
2016-09-02,9.21,9.38,9.08,9.12,36009300,9.12
2016-09-01,9.41,9.59,9.11,9.11,44702500,9.11
2016-08-31,9.42,9.79,9.26,9.60,65811800,9.60
2016-08-30,9.99,9.99,9.30,9.53,111532000,9.53
2016-08-29,9.08,9.08,9.08,9.08,1436000,9.08
2016-08-26,8.25,8.25,8.25,8.25,000,8.25
2016-08-25,8.25,8.25,8.25,8.25,000,8.25
2016-08-24,8.25,8.25,8.25,8.25,000,8.25
2016-08-23,8.25,8.25,8.25,8.25,000,8.25
2016-08-22,8.25,8.25,8.25,8.25,000,8.25
2016-08-19,8.25,8.25,8.25,8.25,000,8.25
2016-08-18,8.25,8.25,8.25,8.25,000,8.25
2016-08-17,8.25,8.25,8.25,8.25,000,8.25
2016-08-16,8.25,8.25,8.25,8.25,000,8.25
2016-08-15,8.25,8.25,8.25,8.25,000,8.25
2016-08-12,8.19,8.33,8.02,8.25,10195600,8.25
2016-08-11,8.27,8.53,8.27,8.29,8963500,8.29
2016-08-10,8.25,8.39,8.23,8.27,7476500,8.27
2016-08-09,8.12,8.27,8.08,8.27,6954000,8.27
2016-08-08,8.01,8.16,7.90,8.15,6293400,8.15
2016-08-05,8.14,8.23,8.11,8.14,4786600,8.14
2016-08-04,7.90,8.23,7.90,8.15,8419600,8.15
2016-08-03,7.83,7.94,7.81,7.93,5101700,7.93
2016-08-02,7.83,7.87,7.71,7.84,6722700,7.84
2016-08-01,8.05,8.06,7.60,7.81,10210600,7.81
2016-07-29,8.41,8.42,7.94,8.06,12051600,8.06
2016-07-28,8.30,8.54,8.30,8.41,8868600,8.41
2016-07-27,8.90,9.06,8.30,8.37,21823900,8.37
2016-07-26,8.88,9.19,8.87,9.02,19178900,9.02
2016-07-25,8.80,9.28,8.73,8.80,26917100,8.80
2016-07-22,8.61,8.62,8.41,8.57,8802400,8.57
2016-07-21,8.58,8.65,8.53,8.61,8049000,8.61
2016-07-20,8.53,8.64,8.47,8.60,8209700,8.60
2016-07-19,8.44,8.54,8.39,8.54,6820100,8.54
2016-07-18,8.57,8.58,8.33,8.45,7071600,8.45
2016-07-15,8.56,8.63,8.43,8.56,7754900,8.56
2016-07-14,8.49,8.59,8.40,8.55,7443300,8.55
2016-07-13,8.51,8.61,8.45,8.47,8352100,8.47
2016-07-12,8.35,8.52,8.26,8.50,10176900,8.50
2016-07-11,8.64,8.84,8.31,8.38,13297400,8.38
2016-07-08,8.60,8.72,8.50,8.64,10304700,8.64
2016-07-07,8.58,8.78,8.38,8.63,18650300,8.63
2016-07-06,8.31,8.74,8.30,8.58,22049800,8.58
2016-07-05,8.14,8.47,8.10,8.41,21688200,8.41
2016-07-04,7.95,8.17,7.93,8.12,10827000,8.12
2016-07-01,8.12,8.17,7.99,8.00,8934400,8.00
2016-06-30,7.94,8.22,7.94,8.09,16464700,8.09
2016-06-29,7.92,8.05,7.88,7.94,12499700,7.94
2016-06-28,7.87,7.93,7.77,7.90,9477000,7.90
2016-06-27,7.73,7.94,7.67,7.93,9580300,7.93
2016-06-24,7.85,7.96,7.33,7.82,12279100,7.82
2016-06-23,8.05,8.05,7.81,7.89,13310900,7.89
2016-06-22,7.77,8.25,7.66,8.08,21476300,8.08
2016-06-21,7.71,7.86,7.66,7.78,14643200,7.75
2016-06-20,7.58,7.72,7.34,7.72,11221700,7.69023
2016-06-17,7.59,7.90,7.59,7.69,10580700,7.66035
2016-06-16,7.55,7.75,7.55,7.58,9788700,7.55077
2016-06-15,7.27,7.60,7.21,7.55,6968700,7.52089
2016-06-14,7.29,7.35,7.22,7.31,6270500,7.28181
2016-06-13,7.73,7.73,7.20,7.30,13710500,7.27185
2016-06-10,7.79,7.79,7.79,7.79,000,7.75996
2016-06-09,7.79,7.79,7.79,7.79,000,7.75996
2016-06-08,7.90,7.90,7.75,7.79,7386100,7.75996
2016-06-07,7.83,7.95,7.66,7.90,11376400,7.86954
2016-06-06,7.80,7.96,7.77,7.83,11343900,7.79981
2016-06-03,7.71,7.83,7.65,7.81,9588200,7.77988
2016-06-02,7.77,7.88,7.63,7.77,10702800,7.74004
2016-06-01,7.55,7.83,7.48,7.76,15592100,7.73008
2016-05-31,7.19,7.51,7.19,7.50,10619300,7.47108
2016-05-30,7.20,7.26,7.07,7.16,6421500,7.13239
2016-05-27,7.32,7.33,7.10,7.25,7934400,7.22204
2016-05-26,7.33,7.41,7.10,7.33,8024500,7.30173
2016-05-25,7.51,7.59,7.36,7.36,6617900,7.33162
2016-05-24,7.53,7.60,7.28,7.51,9829900,7.48104
2016-05-23,7.51,7.60,7.47,7.55,7565400,7.52089
2016-05-20,7.30,7.58,7.19,7.53,9149700,7.50096
2016-05-19,7.32,7.50,7.30,7.35,8818000,7.32166
2016-05-18,7.55,7.60,7.15,7.31,12074800,7.28181
2016-05-17,7.35,7.78,7.35,7.63,17361300,7.60058
2016-05-16,7.08,7.42,7.05,7.40,13181200,7.37147
2016-05-13,7.20,7.30,6.96,7.05,9947200,7.02281
2016-05-12,7.02,7.22,6.90,7.19,10573600,7.16227
2016-05-11,7.56,7.58,6.96,7.14,24018800,7.11247
2016-05-10,7.59,7.76,7.29,7.46,13986300,7.43123
2016-05-09,8.05,8.05,7.45,7.63,34258800,7.60058
2016-05-06,9.26,9.33,8.26,8.26,52351900,8.22815
2016-05-05,9.10,9.38,9.10,9.18,13072900,9.1446
2016-05-04,9.36,9.46,9.11,9.19,17229100,9.15456
2016-05-03,9.02,9.43,8.87,9.35,19063600,9.31395
2016-05-02,9.01,9.01,9.01,9.01,000,8.97526
2016-04-29,8.78,9.07,8.61,9.01,14222700,8.97526
2016-04-28,8.84,8.88,8.48,8.78,17450800,8.74614
2016-04-27,8.79,9.27,8.73,8.81,20060500,8.77603
2016-04-26,8.58,8.85,8.45,8.79,17564400,8.75611
2016-04-25,8.48,8.71,8.40,8.70,14374200,8.66645
2016-04-22,8.54,8.63,8.32,8.54,14829300,8.50707
2016-04-21,8.69,8.84,8.40,8.47,23396200,8.43734
2016-04-20,9.30,9.60,8.42,8.68,44781700,8.64653
2016-04-19,9.46,9.62,9.20,9.35,23626200,9.31395
2016-04-18,9.08,9.75,8.85,9.54,37723200,9.50321
2016-04-15,8.81,9.39,8.70,9.20,32161700,9.16452
2016-04-14,8.77,8.88,8.59,8.78,13638900,8.74614
2016-04-13,8.39,8.80,8.39,8.69,21882800,8.65649
2016-04-12,8.41,8.49,8.25,8.39,12091500,8.35765
2016-04-11,8.23,8.57,8.12,8.43,19378500,8.39749
2016-04-08,8.03,8.19,7.80,8.19,18038900,8.15842
2016-04-07,8.20,8.30,7.93,8.04,20176000,8.009
2016-04-06,7.95,8.16,7.88,8.10,18116900,8.06877
2016-04-05,7.70,8.07,7.59,8.01,24250000,7.97911
2016-04-04,7.67,7.67,7.67,7.67,000,7.64042
2016-04-01,7.45,7.73,7.38,7.67,18228100,7.64042
2016-03-31,7.53,7.58,7.40,7.43,15443400,7.40135
2016-03-30,7.40,7.58,7.32,7.55,12699200,7.52089
2016-03-29,7.53,7.61,7.26,7.33,11560600,7.30173
2016-03-28,7.75,7.89,7.46,7.55,23262900,7.52089
2016-03-25,7.31,7.71,7.28,7.70,22201000,7.67031
2016-03-24,7.25,7.64,7.06,7.38,32929100,7.35154
2016-03-23,7.17,7.39,7.17,7.31,16528700,7.28181
2016-03-22,7.40,7.48,7.13,7.25,28874600,7.22204
2016-03-21,7.29,7.45,7.25,7.40,23232100,7.37147
2016-03-18,7.00,7.27,7.00,7.23,22436400,7.20212
2016-03-17,6.92,7.06,6.84,7.02,16041600,6.99293
2016-03-16,6.93,7.03,6.80,6.85,9677400,6.82359
2016-03-15,6.79,6.96,6.78,6.90,10452600,6.87339
2016-03-14,6.70,7.00,6.68,6.84,12224300,6.81362
2016-03-11,6.62,6.68,6.47,6.61,7734000,6.58451
2016-03-10,6.90,6.98,6.69,6.70,8137500,6.67416
2016-03-09,6.90,6.99,6.78,6.86,11144800,6.83355
2016-03-08,7.08,7.14,6.72,7.12,19076500,7.09254
2016-03-07,6.98,7.10,6.88,7.08,15396200,7.0527
2016-03-04,6.88,7.00,6.62,6.71,15177200,6.68413
2016-03-03,6.79,7.04,6.75,6.86,17258300,6.83355
2016-03-02,6.39,6.78,6.33,6.76,13634400,6.73393
2016-03-01,6.16,6.40,6.08,6.33,8916400,6.30559
2016-02-29,6.52,6.59,5.93,6.15,14367300,6.12629
2016-02-26,6.71,6.73,6.30,6.59,14323400,6.56459
2016-02-25,7.17,7.17,6.52,6.52,20888400,6.49486
2016-02-24,7.08,7.25,6.92,7.24,19727600,7.21208
2016-02-23,7.00,7.23,6.96,7.20,25367400,7.17224
2016-02-22,6.97,7.05,6.90,7.00,15042000,6.97301
2016-02-19,6.70,6.89,6.70,6.89,10821600,6.86343
2016-02-18,6.94,6.98,6.75,6.77,14264400,6.74389
2016-02-17,6.79,6.99,6.71,6.86,15832300,6.83355
2016-02-16,6.54,6.79,6.53,6.74,13764500,6.71401
2016-02-15,6.19,6.59,6.14,6.46,14826900,6.43509
2016-02-12,6.54,6.54,6.54,6.54,000,6.51478
2016-02-11,6.54,6.54,6.54,6.54,000,6.51478
2016-02-10,6.54,6.54,6.54,6.54,000,6.51478
2016-02-09,6.54,6.54,6.54,6.54,000,6.51478
2016-02-08,6.54,6.54,6.54,6.54,000,6.51478
2016-02-05,6.62,6.77,6.53,6.54,16321200,6.51478
2016-02-04,6.30,6.84,6.30,6.75,28349400,6.72397
2016-02-03,6.06,6.27,6.00,6.22,13322300,6.19602
2016-02-02,5.95,6.23,5.94,6.16,14944600,6.13625
2016-02-01,5.93,5.99,5.73,5.97,18609100,5.94698
2016-01-29,5.69,6.08,5.53,5.98,21281200,5.95694
2016-01-28,6.00,6.09,5.60,5.67,15445400,5.64814
2016-01-27,6.40,6.40,5.70,6.09,21871500,6.06652
2016-01-26,6.92,6.97,6.31,6.31,17959300,6.28567
2016-01-25,7.09,7.12,6.90,7.01,10985700,6.98297
2016-01-22,6.90,7.00,6.66,6.92,12046700,6.89332
2016-01-21,7.09,7.27,6.76,6.76,15284800,6.73393
2016-01-20,7.19,7.28,7.04,7.20,14840300,7.17224
2016-01-19,6.92,7.28,6.92,7.25,15062700,7.22204
2016-01-18,6.65,7.06,6.60,6.97,13401300,6.94312
2016-01-15,7.26,7.38,6.72,6.76,16938900,6.73393
2016-01-14,6.88,7.40,6.85,7.34,17254900,7.3117
2016-01-13,7.57,7.65,7.09,7.09,16021800,7.06266
2016-01-12,7.57,7.70,7.15,7.48,18284700,7.45116
2016-01-11,8.15,8.17,7.53,7.53,27172300,7.50096
2016-01-08,8.65,8.73,7.68,8.37,23322100,8.33772
2016-01-07,9.00,9.08,8.33,8.34,7190200,8.30784
2016-01-06,9.08,9.36,9.04,9.26,22513300,9.22429
2016-01-05,8.20,9.22,8.20,8.92,24251400,8.8856
2016-01-04,9.96,10.15,8.98,8.98,21600300,8.94537
2016-01-01,9.98,9.98,9.98,9.98,000,9.94152
2015-12-31,10.40,10.48,9.98,9.98,27723500,9.94152
2015-12-30,10.43,10.67,10.28,10.40,32630500,10.3599
2015-12-29,9.95,10.50,9.83,10.50,37182600,10.45951
2015-12-28,10.25,10.73,10.00,10.00,52986900,9.96144
2015-12-25,10.28,10.28,10.28,10.28,000,10.24036
2015-12-24,9.83,10.36,9.76,10.28,46794500,10.24036
2015-12-23,10.05,10.12,9.81,9.85,34776200,9.81202
2015-12-22,9.70,10.20,9.64,10.11,47125700,10.07101
2015-12-21,9.50,9.94,9.36,9.73,31253600,9.69248
2015-12-18,9.70,9.85,9.50,9.56,20950800,9.52314
2015-12-17,9.52,9.78,9.52,9.70,23916000,9.6626
2015-12-16,9.46,9.74,9.46,9.51,20055400,9.47333
2015-12-15,9.38,9.54,9.33,9.40,16100100,9.36375
2015-12-14,9.00,9.40,8.90,9.40,15944100,9.36375
2015-12-11,9.12,9.18,8.88,9.03,17492000,8.99518
2015-12-10,9.29,9.48,9.18,9.19,20160500,9.15456
2015-12-09,9.50,9.61,9.19,9.25,26338400,9.21433
2015-12-08,10.03,10.03,9.50,9.53,33238000,9.49325
2015-12-07,10.05,10.26,9.80,10.16,32649700,10.12082
2015-12-04,10.00,10.50,9.92,10.07,50919100,10.03117
2015-12-03,9.73,10.39,9.65,10.17,62144100,10.13078
2015-12-02,9.66,10.03,9.41,9.73,40246800,9.69248
2015-12-01,9.36,9.79,9.17,9.79,39329400,9.75225
2015-11-30,8.86,9.52,8.25,9.36,42423600,9.32391
2015-11-27,9.57,9.76,8.65,8.68,45206400,8.64653
2015-11-26,9.50,9.80,9.41,9.61,47138000,9.57294
2015-11-25,9.33,9.48,9.29,9.46,29511700,9.42352
2015-11-24,9.20,9.34,9.02,9.34,24666300,9.30398
2015-11-23,9.43,9.52,9.19,9.23,31311700,9.19441
2015-11-20,9.51,9.57,9.35,9.44,34252600,9.4036
2015-11-19,9.29,9.56,9.23,9.47,33233100,9.43348
2015-11-18,9.67,9.67,9.13,9.21,40292500,9.17449
2015-11-17,9.77,9.97,9.36,9.68,69276000,9.64267
2015-11-16,9.24,9.78,8.98,9.65,60550400,9.61279
2015-11-13,8.88,9.58,8.81,9.24,73044200,9.20437
2015-11-12,9.12,9.14,8.75,9.00,50716500,8.9653
2015-11-11,8.99,9.27,8.79,9.06,59985900,9.02506
2015-11-10,8.70,9.50,8.61,9.03,106082500,8.99518
2015-11-09,8.10,8.70,8.06,8.70,86504100,8.66645
2015-11-06,7.91,7.91,7.91,7.91,000,7.8795
2015-11-05,7.91,7.91,7.91,7.91,000,7.8795
2015-11-04,7.91,7.91,7.91,7.91,000,7.8795
2015-11-03,7.91,7.91,7.91,7.91,000,7.8795
2015-11-02,7.86,8.29,7.86,7.91,59430700,7.8795
2015-10-30,8.85,8.95,8.60,8.73,31548900,8.69634
2015-10-29,9.19,9.30,8.71,8.93,53090100,8.89557
2015-10-28,8.68,9.63,8.64,9.10,86517500,9.06491
2015-10-27,8.48,8.86,8.05,8.77,49958300,8.73618
2015-10-26,8.42,8.78,8.36,8.54,61686200,8.50707
2015-10-23,8.20,8.43,8.10,8.30,48903200,8.26799
2015-10-22,7.62,8.49,7.62,8.28,53276900,8.24807
2015-10-21,8.55,8.77,7.72,7.72,56444000,7.69023
2015-10-20,8.47,8.72,8.24,8.58,48878600,8.54691
2015-10-19,8.22,8.66,8.06,8.56,59489900,8.52699
2015-10-16,8.30,8.35,8.03,8.26,41032800,8.22815
2015-10-15,7.77,8.23,7.72,8.23,43963900,8.19826
2015-10-14,7.97,8.14,7.79,7.81,38288000,7.77988
2015-10-13,7.85,8.08,7.79,7.98,45093200,7.94923
2015-10-12,7.27,7.94,7.27,7.94,60041200,7.90938
2015-10-09,7.07,7.29,7.00,7.22,29501500,7.19216
2015-10-08,7.12,7.18,6.95,7.05,26456700,7.02281
2015-10-07,6.72,6.72,6.72,6.72,000,6.69409
2015-10-06,6.72,6.72,6.72,6.72,000,6.69409
2015-10-05,6.72,6.72,6.72,6.72,000,6.69409
2015-10-02,6.72,6.72,6.72,6.72,000,6.69409
2015-10-01,6.72,6.72,6.72,6.72,000,6.69409
2015-09-30,6.73,6.89,6.68,6.72,15615600,6.69409
2015-09-29,6.73,6.81,6.60,6.65,15674800,6.62436
2015-09-28,6.70,6.93,6.62,6.89,17718200,6.86343
2015-09-25,7.08,7.16,6.66,6.75,25189700,6.72397
2015-09-24,6.96,7.18,6.90,7.16,27617100,7.13239
2015-09-23,7.05,7.09,6.89,6.92,26528000,6.89332
2015-09-22,7.06,7.32,6.90,7.15,39718800,7.12243
2015-09-21,6.55,7.01,6.51,6.97,28326800,6.94312
2015-09-18,6.63,6.77,6.49,6.67,23110100,6.64428
2015-09-17,6.76,7.09,6.59,6.59,38313200,6.56459
2015-09-16,6.29,6.88,6.23,6.86,29591000,6.83355
2015-09-15,6.69,6.76,6.25,6.25,30774700,6.2259
2015-09-14,7.80,7.84,6.94,6.94,33808200,6.91324
2015-09-11,7.71,7.83,7.54,7.71,26309800,7.68027
2015-09-10,7.81,7.94,7.54,7.62,28068500,7.59062
2015-09-09,7.73,8.06,7.66,7.96,45939400,7.92931
2015-09-08,7.08,7.65,7.02,7.62,29893500,7.59062
2015-09-07,7.01,7.40,6.95,7.10,33691400,7.07262
2015-09-04,6.81,6.81,6.81,6.81,000,6.78374
2015-09-03,6.81,6.81,6.81,6.81,000,6.78374
2015-09-02,6.86,7.75,6.81,6.81,42350900,6.78374
2015-09-01,8.40,8.69,7.56,7.56,42862900,7.53085
2015-08-31,8.49,8.86,8.31,8.40,50967400,8.36761
2015-08-28,8.10,8.59,7.90,8.55,52869900,8.51703
2015-08-27,8.01,8.10,7.05,7.96,44039700,7.92931
2015-08-26,8.54,8.75,7.68,7.68,58730100,7.65039
2015-08-25,8.53,8.84,8.53,8.53,30424700,8.49711
2015-08-24,9.79,10.00,9.48,9.48,22530300,9.44344
2015-08-21,11.40,11.62,10.53,10.53,52150400,10.4894
2015-08-20,11.85,12.47,11.58,11.70,79934400,11.65488
2015-08-19,10.55,12.29,10.55,12.03,76001600,11.98361
2015-08-18,11.70,12.80,11.07,11.27,121861400,11.22654
2015-08-17,11.30,11.99,11.08,11.71,55589100,11.66485
2015-08-14,11.46,11.67,11.33,11.37,53759400,11.32616
2015-08-13,10.90,11.35,10.79,11.29,37707900,11.24647
2015-08-12,11.35,11.56,10.90,10.94,41187100,10.89781
2015-08-11,11.35,11.94,11.22,11.57,66437800,11.52539
2015-08-10,11.04,11.73,10.60,11.51,61865900,11.46562
2015-08-07,10.62,10.98,10.62,10.88,44249800,10.83805
2015-08-06,10.00,10.79,9.88,10.48,37411700,10.43959
2015-08-05,10.68,10.88,10.20,10.41,56070900,10.36986
2015-08-04,9.56,10.38,9.56,10.38,37382500,10.33997
2015-08-03,10.00,10.09,9.22,9.44,39634700,9.4036
2015-07-31,10.60,10.97,9.86,10.18,47628800,10.14075
2015-07-30,11.41,11.75,10.80,10.84,63568700,10.7982
2015-07-29,11.29,11.73,10.60,11.69,72044500,11.64492
2015-07-28,11.06,12.10,10.76,10.76,83587800,10.71851
2015-07-27,12.80,13.34,11.96,11.96,90345900,11.91388
2015-07-24,13.34,14.20,12.70,13.29,127985000,13.23875
2015-07-23,11.70,12.96,11.56,12.96,120142900,12.91003
2015-07-22,11.50,12.05,11.41,11.78,107768900,11.73458
2015-07-21,12.60,12.68,11.55,11.97,229156800,11.92384
2015-07-20,12.08,12.83,11.70,12.83,47085600,12.78053
2015-07-17,10.70,11.66,10.55,11.66,42204400,11.61504
2015-07-16,9.90,10.95,9.51,10.60,60489900,10.55913
2015-07-15,10.16,10.16,9.96,10.16,60984000,10.12082
2015-07-14,9.24,9.24,9.24,9.24,366000,9.20437
2015-07-13,8.40,8.40,8.40,8.40,000,8.36761
2015-07-10,8.40,8.40,8.40,8.40,000,8.36761
2015-07-09,8.40,8.40,8.40,8.40,000,8.36761
2015-07-08,8.40,8.40,8.40,8.40,000,8.36761
2015-07-07,8.80,9.24,8.40,8.40,15305700,8.36761
2015-07-06,11.39,11.39,9.33,9.33,33186300,9.29402
2015-07-03,11.02,11.66,10.37,10.37,32340500,10.33001
2015-07-02,12.82,13.09,11.52,11.52,26527200,11.47558
2015-07-01,13.68,14.32,12.59,12.80,29908100,12.75064
2015-06-30,12.82,14.38,12.15,14.01,32292200,13.92609
2015-06-29,15.40,15.46,13.50,13.50,27347400,13.41915
2015-06-26,15.90,16.10,15.00,15.00,23856800,14.91016
2015-06-25,16.22,17.22,16.00,16.67,45290900,16.57016
2015-06-24,16.27,16.45,15.82,16.22,36207800,16.12286
2015-06-23,15.40,16.40,15.00,16.36,41448900,16.26202
2015-06-22,15.27,15.27,15.27,15.27,000,15.17855
2015-06-19,16.37,16.65,15.27,15.27,39350100,15.17855
2015-06-18,18.85,18.85,16.97,16.97,45776500,16.86836
2015-06-17,19.10,19.74,18.67,18.85,75280100,18.73711
2015-06-16,19.20,20.74,18.13,20.74,121755400,20.61579
2015-06-15,18.85,18.85,18.85,18.85,4210000,18.73711
2015-06-12,17.14,17.14,17.14,17.14,798000,17.03735
2015-06-11,15.58,15.58,15.58,15.58,700800,15.48669
2015-06-10,14.16,14.16,14.16,14.16,270200,14.07519
2015-06-09,12.87,12.87,12.87,12.87,271100,12.79292
2015-06-08,11.70,11.70,11.70,11.70,340200,11.62993
2015-06-05,10.64,10.64,10.64,10.64,105100,10.57628
2015-06-04,9.67,9.67,9.67,9.67,212100,9.61209
2015-06-03,8.79,8.79,8.79,8.79,194000,8.73736
2015-06-02,7.99,7.99,7.99,7.99,000,7.94215
2015-06-01,7.99,7.99,7.99,7.99,000,7.94215
2015-05-29,7.99,7.99,7.99,7.99,000,7.94215
2015-05-28,7.99,7.99,7.99,7.99,000,7.94215
2015-05-27,7.99,7.99,7.99,7.99,000,7.94215
2015-05-26,7.99,7.99,7.99,7.99,000,7.94215
2015-05-25,7.99,7.99,7.99,7.99,000,7.94215
2015-05-22,7.99,7.99,7.99,7.99,000,7.94215
2015-05-21,7.99,7.99,7.99,7.99,000,7.94215
2015-05-20,7.99,7.99,7.99,7.99,000,7.94215
2015-05-19,7.99,7.99,7.99,7.99,000,7.94215
2015-05-18,7.99,7.99,7.99,7.99,000,7.94215
2015-05-15,7.99,7.99,7.99,7.99,000,7.94215
2015-05-14,7.99,7.99,7.99,7.99,000,7.94215
2015-05-13,7.99,7.99,7.99,7.99,000,7.94215
2015-05-12,7.99,7.99,7.99,7.99,000,7.94215
2015-05-11,7.99,7.99,7.99,7.99,000,7.94215
2015-05-08,7.99,7.99,7.99,7.99,000,7.94215
2015-05-07,7.99,7.99,7.99,7.99,000,7.94215
2015-05-06,7.99,7.99,7.99,7.99,000,7.94215
2015-05-05,7.99,7.99,7.99,7.99,000,7.94215
2015-05-04,7.99,7.99,7.99,7.99,000,7.94215
2015-05-01,7.99,7.99,7.99,7.99,000,7.94215
2015-04-30,7.99,7.99,7.99,7.99,000,7.94215
2015-04-29,7.99,7.99,7.99,7.99,000,7.94215
2015-04-28,7.99,7.99,7.99,7.99,000,7.94215
2015-04-27,7.99,7.99,7.99,7.99,000,7.94215
2015-04-24,7.99,7.99,7.99,7.99,000,7.94215
2015-04-23,7.99,7.99,7.99,7.99,000,7.94215
2015-04-22,7.99,7.99,7.99,7.99,000,7.94215
2015-04-21,7.99,7.99,7.99,7.99,000,7.94215
2015-04-20,7.99,7.99,7.99,7.99,000,7.94215
2015-04-17,7.99,7.99,7.99,7.99,000,7.94215
2015-04-16,7.99,7.99,7.99,7.99,000,7.94215
2015-04-15,7.99,7.99,7.99,7.99,000,7.94215
2015-04-14,7.99,7.99,7.99,7.99,000,7.94215
2015-04-13,7.99,7.99,7.99,7.99,000,7.94215
2015-04-10,7.99,7.99,7.99,7.99,000,7.94215
2015-04-09,7.99,7.99,7.99,7.99,000,7.94215
2015-04-08,7.99,7.99,7.99,7.99,000,7.94215
2015-04-07,7.99,7.99,7.99,7.99,000,7.94215
2015-04-06,7.99,7.99,7.99,7.99,000,7.94215
2015-04-03,7.99,7.99,7.99,7.99,000,7.94215
2015-04-02,7.99,7.99,7.99,7.99,000,7.94215
2015-04-01,7.99,7.99,7.99,7.99,000,7.94215
2015-03-31,7.99,7.99,7.99,7.99,000,7.94215
2015-03-30,7.99,7.99,7.99,7.99,000,7.94215
2015-03-27,7.99,7.99,7.99,7.99,000,7.94215
2015-03-26,7.99,7.99,7.99,7.99,000,7.94215
2015-03-25,7.99,7.99,7.99,7.99,000,7.94215
2015-03-24,7.99,7.99,7.99,7.99,000,7.94215
2015-03-23,7.99,7.99,7.99,7.99,000,7.94215
2015-03-20,7.99,7.99,7.99,7.99,000,7.94215
2015-03-19,7.99,7.99,7.99,7.99,000,7.94215
2015-03-18,7.99,7.99,7.99,7.99,000,7.94215
2015-03-17,7.99,7.99,7.99,7.99,000,7.94215
2015-03-16,7.99,7.99,7.99,7.99,000,7.94215
2015-03-13,7.99,7.99,7.99,7.99,000,7.94215
2015-03-12,7.99,7.99,7.99,7.99,000,7.94215
2015-03-11,7.99,7.99,7.99,7.99,000,7.94215
2015-03-10,7.99,7.99,7.99,7.99,000,7.94215
2015-03-09,7.99,7.99,7.99,7.99,000,7.94215
2015-03-06,7.99,7.99,7.99,7.99,000,7.94215
2015-03-05,7.99,7.99,7.99,7.99,000,7.94215
2015-03-04,7.99,7.99,7.99,7.99,000,7.94215
2015-03-03,7.99,7.99,7.99,7.99,000,7.94215
2015-03-02,7.99,7.99,7.99,7.99,000,7.94215
2015-02-27,7.99,7.99,7.99,7.99,000,7.94215
2015-02-26,7.99,7.99,7.99,7.99,000,7.94215
2015-02-25,7.99,7.99,7.99,7.99,000,7.94215
2015-02-24,7.99,7.99,7.99,7.99,000,7.94215
2015-02-23,7.99,7.99,7.99,7.99,000,7.94215
2015-02-20,7.99,7.99,7.99,7.99,000,7.94215
2015-02-19,7.99,7.99,7.99,7.99,000,7.94215
2015-02-18,7.99,7.99,7.99,7.99,000,7.94215
2015-02-17,7.99,7.99,7.99,7.99,000,7.94215
2015-02-16,7.99,7.99,7.99,7.99,000,7.94215
2015-02-13,7.99,7.99,7.99,7.99,000,7.94215
2015-02-12,7.99,7.99,7.99,7.99,000,7.94215
2015-02-11,7.99,7.99,7.99,7.99,000,7.94215
2015-02-10,7.99,7.99,7.99,7.99,000,7.94215
2015-02-09,7.99,7.99,7.99,7.99,000,7.94215
2015-02-06,7.99,7.99,7.99,7.99,000,7.94215
2015-02-05,7.99,7.99,7.99,7.99,000,7.94215
2015-02-04,7.99,7.99,7.99,7.99,000,7.94215
2015-02-03,7.99,7.99,7.99,7.99,000,7.94215
2015-02-02,7.99,7.99,7.99,7.99,000,7.94215
2015-01-30,7.99,7.99,7.99,7.99,000,7.94215
2015-01-29,7.99,7.99,7.99,7.99,000,7.94215
2015-01-28,7.99,7.99,7.99,7.99,000,7.94215
2015-01-27,7.99,7.99,7.99,7.99,000,7.94215
2015-01-26,7.99,7.99,7.99,7.99,000,7.94215
2015-01-23,7.99,7.99,7.99,7.99,000,7.94215
2015-01-22,7.99,7.99,7.99,7.99,000,7.94215
2015-01-21,7.99,7.99,7.99,7.99,000,7.94215
2015-01-20,7.99,7.99,7.99,7.99,000,7.94215
2015-01-19,7.99,7.99,7.99,7.99,000,7.94215
2015-01-16,7.99,7.99,7.99,7.99,000,7.94215
2015-01-15,7.99,7.99,7.99,7.99,000,7.94215
2015-01-14,7.99,7.99,7.99,7.99,000,7.94215
2015-01-13,7.99,7.99,7.99,7.99,000,7.94215
2015-01-12,7.99,7.99,7.99,7.99,000,7.94215
2015-01-09,7.99,7.99,7.99,7.99,000,7.94215
2015-01-08,7.99,7.99,7.99,7.99,000,7.94215
2015-01-07,7.99,7.99,7.99,7.99,000,7.94215
2015-01-06,7.99,7.99,7.99,7.99,000,7.94215
2015-01-05,7.83,8.08,7.73,7.99,9753000,7.94215
2015-01-02,7.91,7.91,7.91,7.91,000,7.86263
2015-01-01,7.91,7.91,7.91,7.91,000,7.86263
2014-12-31,7.85,7.92,7.60,7.91,7571000,7.86263
2014-12-30,7.82,7.95,7.80,7.83,5323600,7.78311
2014-12-29,8.16,8.16,7.79,7.83,10357100,7.78311
2014-12-26,8.24,8.24,8.03,8.13,13096300,8.08131
2014-12-25,8.23,8.31,8.12,8.21,5958200,8.16083
2014-12-24,8.13,8.27,8.11,8.23,4728900,8.18071
2014-12-23,8.04,8.30,7.98,8.11,6114500,8.06143
2014-12-22,8.72,8.73,8.05,8.06,15236800,8.01173
2014-12-19,9.07,9.07,8.65,8.80,12714300,8.7473
2014-12-18,9.06,9.13,8.99,9.08,11841500,9.02562
2014-12-17,9.26,9.26,9.02,9.06,11891400,9.00574
2014-12-16,9.22,9.34,9.11,9.26,16963600,9.20454
2014-12-15,9.15,9.36,9.10,9.26,16233400,9.20454
2014-12-12,9.09,9.24,9.08,9.15,14908900,9.0952
2014-12-11,8.91,9.22,8.91,9.18,21471900,9.12502
2014-12-10,8.60,9.08,8.52,9.05,13620900,8.9958
2014-12-09,9.00,9.25,8.68,8.70,30115500,8.64789
2014-12-08,8.67,8.67,8.67,8.67,000,8.61807
2014-12-05,9.05,9.05,8.50,8.67,17853000,8.61807
2014-12-04,9.03,9.10,8.96,9.04,21251100,8.98586
2014-12-03,8.82,9.00,8.71,8.99,18697500,8.93616
2014-12-02,8.62,8.77,8.62,8.75,10290800,8.6976
2014-12-01,8.70,8.70,8.54,8.58,8957900,8.52861
2014-11-28,8.89,8.91,8.60,8.69,20107700,8.63795
2014-11-27,9.03,9.09,8.91,8.97,12741500,8.91628
2014-11-26,9.05,9.08,8.90,9.02,11967300,8.96598
2014-11-25,8.90,9.08,8.89,9.06,12040700,9.00574
2014-11-24,8.95,8.97,8.82,8.90,10261900,8.8467
2014-11-21,8.85,8.98,8.80,8.90,8726900,8.8467
2014-11-20,8.73,9.04,8.72,8.92,14194900,8.86658
2014-11-19,8.75,8.83,8.61,8.75,6102400,8.6976
2014-11-18,8.63,8.79,8.57,8.72,6807000,8.66778
2014-11-17,8.56,8.64,8.40,8.61,6074300,8.55843
2014-11-14,8.51,8.58,8.39,8.50,7615800,8.44909
2014-11-13,8.85,8.86,8.50,8.56,8940600,8.50873
2014-11-12,8.70,8.82,8.67,8.82,7840700,8.76718
2014-11-11,9.15,9.19,8.60,8.74,13262900,8.68765
2014-11-10,9.02,9.19,9.02,9.16,6894800,9.10514
2014-11-07,9.24,9.28,9.01,9.08,10102200,9.02562
2014-11-06,9.29,9.35,9.09,9.24,12287500,9.18466
2014-11-05,9.19,9.44,8.94,9.37,17668300,9.31388
2014-11-04,9.39,9.39,9.15,9.17,8937900,9.11508
2014-11-03,9.30,9.38,9.22,9.37,7782200,9.31388
2014-10-31,9.46,9.53,9.18,9.27,10833100,9.21448
2014-10-30,9.55,9.60,9.47,9.50,9690700,9.4431
2014-10-29,9.51,9.61,9.40,9.53,9118200,9.47292
2014-10-28,9.27,9.45,9.27,9.45,6420800,9.3934
2014-10-27,9.23,9.32,9.14,9.26,5461500,9.20454
2014-10-24,9.18,9.33,9.14,9.22,5568600,9.16478
2014-10-23,9.35,9.46,9.06,9.18,9734100,9.12502
2014-10-22,9.58,9.68,9.38,9.41,6708200,9.35364
2014-10-21,9.77,9.87,9.51,9.58,9428000,9.52262
2014-10-20,9.55,9.75,9.52,9.71,7545100,9.65185
2014-10-17,9.78,9.85,9.30,9.51,13364000,9.45304
2014-10-16,10.07,10.09,9.76,9.79,19230500,9.73137
2014-10-15,10.35,10.37,9.94,10.15,20884400,10.08921
2014-10-14,10.58,10.63,10.27,10.42,23599300,10.35759
2014-10-13,10.21,10.55,10.16,10.48,22493100,10.41723
2014-10-10,10.19,10.36,10.12,10.23,16394100,10.16873
2014-10-09,10.37,10.40,10.09,10.18,16593500,10.11903
2014-10-08,10.25,10.37,10.14,10.36,19634300,10.29795
2014-10-07,10.16,10.16,10.16,10.16,000,10.09915
2014-10-06,10.16,10.16,10.16,10.16,000,10.09915
2014-10-03,10.16,10.16,10.16,10.16,000,10.09915
2014-10-02,10.16,10.16,10.16,10.16,000,10.09915
2014-10-01,10.16,10.16,10.16,10.16,000,10.09915
2014-09-30,10.05,10.17,10.03,10.16,13132700,10.09915
2014-09-29,10.07,10.20,9.98,10.06,15581300,9.99975
2014-09-26,9.93,10.18,9.91,10.07,16455400,10.00969
2014-09-25,10.23,10.30,9.94,10.00,24177000,9.94011
2014-09-24,10.15,10.35,10.08,10.22,21306000,10.15879
2014-09-23,10.17,10.31,10.06,10.20,19236100,10.13891
2014-09-22,10.17,10.42,9.98,10.17,24687100,10.10909
2014-09-19,10.38,10.53,10.10,10.25,28011800,10.18861
2014-09-18,9.95,10.74,9.90,10.45,58504700,10.38741
2014-09-17,9.61,10.10,9.52,9.85,20785400,9.79101
2014-09-16,10.05,10.11,9.50,9.52,26970600,9.46298
2014-09-15,9.82,10.20,9.82,10.11,34995800,10.04945
2014-09-12,9.59,10.45,9.55,9.91,42766200,9.85065
2014-09-11,9.46,9.71,9.41,9.59,23999200,9.53256
2014-09-10,9.43,9.53,9.32,9.47,12565300,9.41328
2014-09-09,9.40,9.47,9.32,9.45,16241800,9.3934
2014-09-08,9.53,9.53,9.53,9.53,000,9.47292
2014-09-05,9.62,9.64,9.39,9.53,27810200,9.47292
2014-09-04,9.66,9.66,9.49,9.60,16821700,9.5425
2014-09-03,9.59,9.77,9.45,9.67,24093500,9.61209
2014-09-02,9.55,9.82,9.55,9.57,21142800,9.51268
2014-09-01,9.40,9.62,9.33,9.56,19153300,9.50274
2014-08-29,9.35,9.45,9.16,9.41,18220200,9.35364
2014-08-28,9.33,9.96,9.33,9.49,38396900,9.43316
2014-08-27,9.13,9.23,9.05,9.18,8804700,9.12502
2014-08-26,9.35,9.38,8.99,9.12,13714700,9.06538
2014-08-25,9.45,9.47,9.27,9.37,17458800,9.31388
2014-08-22,9.03,9.40,8.96,9.37,24456200,9.31388
2014-08-21,9.25,9.28,8.85,9.05,20487800,8.9958
2014-08-20,9.26,9.37,9.20,9.23,14859700,9.17472
2014-08-19,9.40,9.47,9.25,9.30,17544600,9.2443
2014-08-18,9.27,9.45,9.24,9.36,20258400,9.30394
2014-08-15,9.33,9.45,9.23,9.28,15623600,9.22442
2014-08-14,9.32,9.50,9.21,9.39,25817700,9.33376
2014-08-13,9.31,9.55,9.21,9.36,32694400,9.30394
2014-08-12,9.07,9.48,8.92,9.40,38520000,9.3437
2014-08-11,8.90,9.14,8.83,9.06,18417100,9.00574
2014-08-08,8.82,9.20,8.80,8.96,25315300,8.90634
2014-08-07,9.03,9.07,8.80,8.89,26341100,8.83676
2014-08-06,9.13,9.28,8.85,9.12,59231400,9.06538
2014-08-05,8.33,9.15,8.27,9.15,46856800,9.0952
2014-08-04,8.23,8.33,8.19,8.32,9538800,8.27017
2014-08-01,8.29,8.37,8.13,8.15,10850200,8.10119
2014-07-31,8.33,8.35,8.22,8.31,11063800,8.26023
2014-07-30,8.08,8.43,8.08,8.30,21712700,8.25029
2014-07-29,8.06,8.14,8.01,8.08,8701400,8.03161
2014-07-28,7.95,8.08,7.91,8.07,9597700,8.02167
2014-07-25,7.78,7.92,7.78,7.90,6519100,7.85269
2014-07-24,8.01,8.09,7.69,7.83,10264400,7.78311
2014-07-23,8.08,8.11,7.95,7.97,7463700,7.92227
2014-07-22,7.96,8.10,7.95,8.06,7315800,8.01173
2014-07-21,8.14,8.17,7.90,7.94,10364700,7.89245
2014-07-18,8.25,8.28,8.13,8.14,10401200,8.09125
2014-07-17,8.28,8.31,8.13,8.26,8674000,8.21053
2014-07-16,8.53,8.53,8.21,8.22,12805900,8.17077
2014-07-15,8.50,8.56,8.40,8.54,11245400,8.48885
2014-07-14,8.35,8.50,8.33,8.49,11266300,8.43915
2014-07-11,8.33,8.53,8.32,8.39,11722300,8.33975
2014-07-10,8.28,8.44,8.15,8.29,10902800,8.24035
2014-07-09,8.36,8.56,8.26,8.29,17436700,8.24035
2014-07-08,8.28,8.44,8.10,8.40,18423100,8.34969
2014-07-07,8.21,8.33,8.13,8.29,12252400,8.24035
2014-07-04,8.01,8.25,8.01,8.25,13840600,8.20059
2014-07-03,8.13,8.18,8.02,8.08,12752400,8.03161
2014-07-02,8.30,8.30,8.13,8.20,9607400,8.15089
2014-07-01,8.25,8.36,8.16,8.29,10047200,8.24035
2014-06-30,8.26,8.32,8.10,8.20,9200600,8.15089
2014-06-27,8.22,8.39,8.20,8.27,8928100,8.22047
2014-06-26,8.26,8.36,8.22,8.26,11405900,8.21053
2014-06-25,8.10,8.23,8.04,8.20,9668700,8.15089
2014-06-24,7.99,8.24,7.94,8.14,9359200,8.09125
2014-06-23,7.92,8.06,7.92,8.01,6378700,7.96203
2014-06-20,7.78,7.99,7.67,7.95,9781700,7.90239
2014-06-19,8.35,8.41,7.88,7.88,9701400,7.83281
2014-06-18,8.24,8.46,8.23,8.40,11947000,8.31987
2014-06-17,8.30,8.40,8.19,8.24,8867400,8.1614
2014-06-16,8.23,8.47,8.18,8.37,14768400,8.29016
2014-06-13,8.09,8.21,8.06,8.16,7107700,8.08216
2014-06-12,8.11,8.19,8.06,8.09,6395200,8.01283
2014-06-11,8.07,8.17,7.97,8.13,7944600,8.05245
2014-06-10,7.98,8.06,7.86,8.04,6135000,7.96331
2014-06-09,8.07,8.18,7.95,7.97,9999200,7.89397
2014-06-06,8.18,8.60,8.16,8.19,22051700,8.11187
2014-06-05,8.00,8.07,7.90,8.05,9355200,7.97321
2014-06-04,7.84,8.16,7.77,8.04,14471300,7.96331
2014-06-03,7.77,7.95,7.77,7.89,8431200,7.81474
2014-06-02,7.78,7.78,7.78,7.78,000,7.70579
2014-05-30,7.69,7.91,7.69,7.78,6814600,7.70579
2014-05-29,7.83,7.90,7.68,7.68,6536200,7.60674
2014-05-28,7.72,7.86,7.66,7.83,7286200,7.75531
2014-05-27,7.85,8.00,7.69,7.72,7004600,7.64636
2014-05-26,7.77,7.96,7.74,7.88,8542900,7.80483
2014-05-23,7.80,7.84,7.68,7.77,8129600,7.69588
2014-05-22,7.90,8.12,7.80,7.82,8557100,7.7454
2014-05-21,7.83,8.00,7.82,7.92,6256500,7.84445
2014-05-20,8.04,8.23,7.86,7.90,11087200,7.82464
2014-05-19,8.16,8.36,7.83,8.10,15336900,8.02273
2014-05-16,7.88,8.47,7.82,8.21,20557100,8.13168
2014-05-15,7.76,8.00,7.69,7.98,11797100,7.90388
2014-05-14,7.76,7.89,7.69,7.78,8771200,7.70579
2014-05-13,7.52,8.28,7.50,7.91,19653700,7.83455
2014-05-12,7.36,7.59,7.32,7.53,7682200,7.45817
2014-05-09,7.56,7.56,7.26,7.27,5884700,7.20065
2014-05-08,7.57,7.72,7.47,7.56,3648000,7.48788
2014-05-07,7.73,7.78,7.54,7.57,5448900,7.49779
2014-05-06,7.75,7.85,7.72,7.77,4345000,7.69588
2014-05-05,7.63,7.79,7.57,7.75,4472600,7.67607
2014-05-02,7.62,7.62,7.62,7.62,000,7.54731
2014-05-01,7.62,7.62,7.62,7.62,000,7.54731
2014-04-30,7.63,7.68,7.52,7.62,4684100,7.54731
2014-04-29,7.49,7.67,7.42,7.63,5486700,7.55722
2014-04-28,8.11,8.15,7.45,7.49,8872600,7.41855
2014-04-25,8.61,8.65,8.06,8.10,10403600,8.02273
2014-04-24,8.67,8.75,8.53,8.59,4424600,8.50806
2014-04-23,8.69,8.78,8.60,8.67,4237300,8.5873
2014-04-22,8.77,8.83,8.59,8.67,7653900,8.5873
2014-04-21,9.05,9.11,8.75,8.77,11837900,8.68634
2014-04-18,8.83,9.19,8.76,9.17,16229800,9.08253
2014-04-17,8.71,8.90,8.65,8.83,9290500,8.74577
2014-04-16,8.74,8.75,8.57,8.65,4682400,8.56749
2014-04-15,8.82,8.84,8.63,8.71,6811000,8.62691
2014-04-14,8.66,8.83,8.66,8.78,6104800,8.69625
2014-04-11,8.84,8.95,8.65,8.73,8523400,8.64672
2014-04-10,8.87,9.10,8.86,8.95,9427200,8.86462
2014-04-09,8.87,8.92,8.80,8.89,7555500,8.8052
2014-04-08,8.72,8.86,8.66,8.82,5869300,8.73586
2014-04-07,8.71,8.71,8.71,8.71,000,8.62691
2014-04-04,8.60,8.75,8.56,8.71,4382300,8.62691
2014-04-03,8.68,8.72,8.50,8.62,6770800,8.53777
2014-04-02,8.80,8.87,8.55,8.60,8236700,8.51796
2014-04-01,8.66,8.83,8.51,8.74,7033400,8.65663
2014-03-31,9.18,9.18,8.58,8.66,13640100,8.57739
2014-03-28,9.50,9.65,9.25,9.25,12527600,9.16176
2014-03-27,9.41,9.65,9.25,9.56,15574000,9.46881
2014-03-26,9.25,9.58,9.22,9.46,11452100,9.36976
2014-03-25,9.39,9.80,9.33,9.41,20372700,9.32024
2014-03-24,8.97,9.10,8.85,9.10,9927900,9.01319
2014-03-21,8.83,9.20,8.65,9.04,9639500,8.95377
2014-03-20,9.26,9.43,8.85,8.85,12026600,8.76558
2014-03-19,8.89,9.44,8.75,9.38,20229800,9.29052
2014-03-18,9.08,9.10,8.88,8.93,9773100,8.84482
2014-03-17,8.72,9.03,8.60,9.00,11513100,8.91415
2014-03-14,8.85,8.85,8.51,8.60,8967100,8.51796
2014-03-13,8.86,8.97,8.78,8.88,6999500,8.79529
2014-03-12,9.08,9.08,8.59,8.84,13407100,8.75567
2014-03-11,9.45,9.58,8.68,9.13,20389500,9.04291
2014-03-10,9.92,10.27,9.58,9.58,18840700,9.48862
2014-03-07,9.71,10.19,9.65,10.00,24902200,9.90461
2014-03-06,9.40,9.86,9.11,9.75,19328100,9.65699
2014-03-05,9.40,9.61,9.31,9.44,11552700,9.34995
2014-03-04,9.58,9.58,9.24,9.40,12829300,9.31033
2014-03-03,9.48,9.73,9.45,9.65,11736100,9.55795
2014-02-28,9.76,9.92,9.10,9.50,19009900,9.40938
2014-02-27,10.01,10.22,9.87,9.91,15778500,9.81547
2014-02-26,10.02,10.02,9.40,9.94,19191400,9.84518
2014-02-25,10.88,11.10,10.01,10.16,26179900,10.06308
2014-02-24,10.27,10.87,10.14,10.84,27678500,10.7366
2014-02-21,10.48,10.71,10.06,10.31,23467000,10.21165
2014-02-20,10.78,11.45,10.48,10.60,46247800,10.49889
2014-02-19,10.13,11.15,10.10,10.94,49310300,10.83564
2014-02-18,10.15,10.37,10.09,10.17,20986300,10.07299
2014-02-17,9.92,10.20,9.86,10.18,21564000,10.08289
2014-02-14,9.71,9.91,9.68,9.88,12502000,9.78575
2014-02-13,10.04,10.10,9.65,9.67,17927300,9.57776
2014-02-12,9.85,10.04,9.78,9.99,20754200,9.8947
2014-02-11,10.31,10.58,9.95,9.96,31804600,9.86499
2014-02-10,10.04,10.50,9.95,10.35,31557600,10.25127
2014-02-07,9.78,10.07,9.77,10.04,14727800,9.94423
2014-02-06,9.90,9.90,9.90,9.90,000,9.80556
2014-02-05,9.90,9.90,9.90,9.90,000,9.80556
2014-02-03,9.90,9.90,9.90,9.90,000,9.80556
2014-01-31,9.90,9.90,9.90,9.90,000,9.80556
2014-01-30,9.90,10.20,9.78,9.90,16451700,9.80556
2014-01-29,10.11,10.18,9.80,10.00,26464600,9.90461
2014-01-28,9.97,10.47,9.88,10.27,41275400,10.17203
2014-01-27,9.80,10.03,9.65,9.74,25452700,9.64709
2014-01-24,10.00,10.24,9.80,9.88,32393700,9.78575
2014-01-23,10.16,10.59,10.03,10.12,44310200,10.02346
2014-01-22,9.36,10.55,9.25,10.34,61107200,10.24137
2014-01-21,9.31,10.15,8.45,9.59,55572000,9.49852
2014-01-20,9.23,9.23,9.23,9.23,000,9.14195
2014-01-17,9.23,9.23,9.23,9.23,000,9.14195
2014-01-16,9.23,9.23,9.23,9.23,000,9.14195
2014-01-15,9.23,9.23,9.23,9.23,000,9.14195
2014-01-14,9.23,9.23,9.23,9.23,000,9.14195
2014-01-13,9.23,9.23,9.23,9.23,000,9.14195
2014-01-10,9.23,9.23,9.23,9.23,000,9.14195
2014-01-09,9.23,9.23,9.23,9.23,000,9.14195
2014-01-08,9.23,9.23,9.23,9.23,000,9.14195
2014-01-07,9.23,9.23,9.23,9.23,000,9.14195
2014-01-06,9.23,9.23,9.23,9.23,000,9.14195
2014-01-03,9.23,9.23,9.23,9.23,000,9.14195
2014-01-02,9.23,9.23,9.23,9.23,000,9.14195
2014-01-01,9.23,9.23,9.23,9.23,000,9.14195
2013-12-31,9.23,9.23,9.23,9.23,000,9.14195
2013-12-30,9.23,9.23,9.23,9.23,000,9.14195
2013-12-27,9.23,9.23,9.23,9.23,000,9.14195
2013-12-26,9.23,9.23,9.23,9.23,000,9.14195
2013-12-25,9.23,9.23,9.23,9.23,000,9.14195
2013-12-24,9.23,9.23,9.23,9.23,000,9.14195
2013-12-23,9.23,9.23,9.23,9.23,000,9.14195
2013-12-20,9.23,9.23,9.23,9.23,000,9.14195
2013-12-19,9.23,9.23,9.23,9.23,000,9.14195
2013-12-18,9.23,9.23,9.23,9.23,000,9.14195
2013-12-17,9.23,9.23,9.23,9.23,000,9.14195
2013-12-16,9.23,9.23,9.23,9.23,000,9.14195
2013-12-13,9.23,9.23,9.23,9.23,000,9.14195
2013-12-12,9.23,9.23,9.23,9.23,000,9.14195
2013-12-11,9.23,9.23,9.23,9.23,000,9.14195
2013-12-10,9.23,9.23,9.23,9.23,000,9.14195
2013-12-09,9.23,9.23,9.23,9.23,000,9.14195
2013-12-06,8.60,9.23,8.51,9.23,60566400,9.14195
2013-12-05,8.57,8.76,8.35,8.39,25159200,8.30997
2013-12-04,8.06,8.34,8.03,8.23,15554000,8.15149
2013-12-03,7.90,8.09,7.86,8.07,12941800,7.99302
2013-12-02,8.40,8.45,7.79,7.85,35299000,7.77512
2013-11-29,8.69,8.84,8.52,8.65,23889700,8.56749
2013-11-28,8.85,8.89,8.68,8.69,26485200,8.6071
2013-11-27,8.46,8.99,8.36,8.85,35320500,8.76558
2013-11-26,8.58,8.75,8.39,8.46,26141900,8.3793
2013-11-25,8.88,8.93,8.62,8.62,32948400,8.53777
2013-11-22,8.55,8.89,8.43,8.87,53143000,8.78539
2013-11-21,8.47,8.58,8.25,8.51,30840100,8.42882
2013-11-20,8.65,8.70,8.44,8.60,27564100,8.51796
2013-11-19,8.35,8.86,8.31,8.62,41545800,8.53777
2013-11-18,8.05,8.65,8.05,8.43,40531100,8.34959
2013-11-15,8.00,8.38,7.90,8.11,36551500,8.03264
2013-11-14,7.77,8.11,7.50,8.11,34832300,8.03264
2013-11-13,8.28,8.29,7.80,7.81,34487000,7.7355
2013-11-12,8.48,8.66,8.26,8.45,32590200,8.36939
2013-11-11,8.32,8.69,8.10,8.55,40254400,8.46844
2013-11-08,8.26,8.54,8.15,8.32,33322300,8.24063
2013-11-07,8.34,8.66,8.10,8.26,45418600,8.18121
2013-11-06,8.40,9.25,8.31,8.59,87276400,8.50806
2013-11-05,8.09,8.79,8.01,8.59,75616800,8.50806
2013-11-04,8.02,8.59,7.92,8.31,76262300,8.23073
2013-11-01,8.02,8.21,7.70,7.86,67249800,7.78502
2013-10-31,8.34,8.34,7.91,8.34,119923400,8.26044
2013-10-30,6.95,7.58,6.72,7.58,26782300,7.50769
2013-10-29,7.32,7.48,6.62,6.89,20142800,6.82428
2013-10-28,7.20,7.49,7.17,7.36,15304300,7.28979
2013-10-25,7.16,7.30,7.08,7.22,10915600,7.15113
2013-10-24,7.23,7.28,7.06,7.18,10568900,7.11151
2013-10-23,7.62,7.68,7.18,7.20,23843000,7.13132
2013-10-22,7.50,7.87,7.48,7.61,34208900,7.53741
2013-10-21,7.38,7.78,7.30,7.58,39177200,7.50769
2013-10-18,7.04,7.41,7.00,7.38,24094400,7.3096
2013-10-17,7.10,7.29,7.06,7.09,14508300,7.02237
2013-10-16,7.21,7.28,6.99,7.04,14338700,6.97284
2013-10-15,7.42,7.43,7.20,7.30,21388200,7.23036
2013-10-14,7.32,7.64,7.26,7.46,35958200,7.38884
2013-10-11,7.18,7.38,7.18,7.25,23576800,7.18084
2013-10-10,7.26,7.38,7.07,7.11,25678600,7.04218
2013-10-09,7.23,7.46,7.20,7.37,33991900,7.2997
2013-10-08,6.93,7.49,6.82,7.35,40211200,7.27989
2013-10-07,7.05,7.05,7.05,7.05,000,6.98275
2013-10-04,7.05,7.05,7.05,7.05,000,6.98275
2013-10-03,7.05,7.05,7.05,7.05,000,6.98275
2013-10-02,7.05,7.05,7.05,7.05,000,6.98275
2013-10-01,7.05,7.05,7.05,7.05,000,6.98275
2013-09-30,6.72,7.18,6.65,7.05,30540600,6.98275
2013-09-27,7.29,7.38,6.84,6.89,55804900,6.82428
2013-09-26,6.39,7.00,6.39,7.00,41460900,6.93323
2013-09-25,6.51,6.55,6.34,6.36,10465500,6.29933
2013-09-24,6.51,6.57,6.46,6.53,8690000,6.46771
2013-09-23,6.48,6.58,6.46,6.51,7244400,6.4479
2013-09-20,6.35,6.35,6.35,6.35,000,6.28943
2013-09-18,6.38,6.44,6.32,6.35,5160600,6.28943
2013-09-17,6.59,6.59,6.36,6.38,7924500,6.31914
2013-09-16,6.52,6.64,6.52,6.57,7471900,6.50733
2013-09-13,6.49,6.57,6.41,6.53,8529100,6.46771
2013-09-12,6.57,6.72,6.50,6.51,12299800,6.4479
2013-09-11,6.81,6.81,6.41,6.48,19806800,6.41819
2013-09-10,6.70,6.86,6.66,6.82,16327000,6.75494
2013-09-09,6.56,6.84,6.52,6.72,15778100,6.6559
2013-09-06,6.51,6.64,6.48,6.56,9667300,6.49742
2013-09-05,6.59,6.66,6.54,6.56,8137200,6.49742
2013-09-04,6.67,6.72,6.57,6.60,9000700,6.53704
2013-09-03,6.53,6.73,6.43,6.67,10445300,6.60637
2013-09-02,6.35,6.60,6.34,6.51,9077000,6.4479
2013-08-30,6.68,6.68,6.29,6.39,13917100,6.32904
2013-08-29,6.83,6.87,6.58,6.67,13877200,6.60637
2013-08-28,6.91,6.96,6.74,6.83,11584400,6.76485
2013-08-27,6.95,6.99,6.85,6.96,8999400,6.89361
2013-08-26,6.76,6.96,6.73,6.91,9714000,6.84408
2013-08-23,6.86,6.96,6.62,6.76,11070600,6.69552
2013-08-22,6.88,6.93,6.80,6.83,8867400,6.76485
2013-08-21,6.73,6.96,6.73,6.92,12454200,6.85399
2013-08-20,7.03,7.12,6.83,6.87,15363800,6.80447
2013-08-19,6.92,7.14,6.90,7.10,9730200,7.03227
2013-08-16,7.30,7.51,6.98,7.02,22353000,6.95304
2013-08-15,7.47,7.57,7.38,7.40,19302100,7.32941
2013-08-14,7.43,7.54,7.36,7.47,18907300,7.39874
2013-08-13,7.50,7.55,7.38,7.44,22582200,7.36903
2013-08-12,7.26,7.65,7.15,7.55,43248800,7.47798
2013-08-09,6.96,7.20,6.78,7.15,23042400,7.0818
2013-08-08,7.00,7.06,6.91,6.95,11516500,6.8837
2013-08-07,7.16,7.18,7.00,7.03,16384000,6.96294
2013-08-06,7.24,7.27,7.05,7.20,21429400,7.13132
2013-08-05,7.15,7.24,7.11,7.22,17337200,7.15113
2013-08-02,7.09,7.34,7.02,7.18,31024800,7.11151
2013-08-01,6.97,7.16,6.93,7.12,29382900,7.05208
2013-07-31,6.91,7.08,6.79,6.86,14686500,6.79456
2013-07-30,7.03,7.11,6.80,6.93,21195700,6.86389
2013-07-29,6.78,7.15,6.72,7.11,34620400,7.04218
2013-07-26,6.62,6.93,6.56,6.85,19687100,6.78466
2013-07-25,6.81,6.87,6.62,6.63,14038600,6.56676
2013-07-24,6.68,6.97,6.58,6.85,23389900,6.78466
2013-07-23,6.51,6.82,6.50,6.74,16186600,6.67571
2013-07-22,6.26,6.56,6.18,6.53,9774000,6.46771
2013-07-19,6.64,6.74,6.30,6.33,12719800,6.26962
2013-07-18,6.66,6.75,6.53,6.61,13408100,6.54695
2013-07-17,6.85,7.00,6.63,6.67,20712100,6.60637
2013-07-16,6.64,7.00,6.59,6.91,25573800,6.84408
2013-07-15,6.48,6.77,6.47,6.65,14943000,6.58656
2013-07-12,6.67,6.84,6.48,6.50,21902800,6.438
2013-07-11,6.43,6.70,6.39,6.65,22692000,6.58656
2013-07-10,6.15,6.38,6.07,6.36,15956800,6.29933
2013-07-09,6.04,6.15,6.02,6.09,7774800,6.03191
2013-07-08,6.30,6.48,6.01,6.04,15180500,5.98238
2013-07-05,6.66,6.74,6.52,6.52,18606700,6.4578
2013-07-04,6.49,6.92,6.41,6.69,29616400,6.62618
2013-07-03,6.50,6.56,6.30,6.48,18367100,6.41819
2013-07-02,6.46,6.64,6.37,6.58,18934200,6.51723
2013-07-01,6.36,6.48,6.30,6.45,11465400,6.38847
2013-06-28,6.23,6.49,6.10,6.33,13039200,6.26962
2013-06-27,6.55,6.67,6.25,6.27,20482400,6.21019
2013-06-26,6.29,6.60,6.15,6.57,20280300,6.50733
2013-06-25,6.19,6.40,5.65,6.29,21268800,6.23
2013-06-24,6.92,6.96,6.28,6.28,17623100,6.22009
2013-06-21,7.00,7.12,6.66,6.98,15258900,6.91342
2013-06-20,7.24,7.47,7.13,7.16,18112900,7.0917
2013-06-19,7.20,7.34,7.02,7.32,19615500,7.25017
2013-06-18,7.42,7.42,7.20,7.28,15811700,7.21056
2013-06-17,7.48,7.52,7.31,7.38,15144600,7.3096
2013-06-14,7.33,7.59,7.31,7.46,16750300,7.38884
2013-06-13,7.54,7.54,7.03,7.30,17428200,7.23036
2013-06-12,7.70,7.70,7.70,7.70,000,7.62655
2013-06-11,7.70,7.70,7.70,7.70,000,7.62655
2013-06-10,7.70,7.70,7.70,7.70,000,7.62655
2013-06-07,8.52,8.58,7.67,7.70,45973700,7.62655
2013-06-06,8.61,8.68,8.48,8.52,17497400,8.43873
2013-06-05,8.52,8.74,8.43,8.70,21476000,8.61701
2013-06-04,8.59,8.65,8.38,8.53,23843600,8.44863
2013-06-03,8.82,9.02,8.61,8.70,37705400,8.61701
2013-05-31,8.57,9.14,8.45,8.86,53127900,8.77548
2013-05-30,8.38,8.67,8.30,8.52,36561100,8.43873
2013-05-29,8.18,8.54,8.12,8.42,39109900,8.33968
2013-05-28,8.36,8.47,8.10,8.21,33535300,8.13168
2013-05-27,8.26,8.54,8.08,8.41,46579200,8.32978
2013-05-24,13.66001,14.18,13.64,14.08999,29181700,9.2542
2013-05-23,13.87,14.08001,13.58,13.59,27153400,8.92581
2013-05-22,14.10,14.32,13.75,13.84999,32440800,9.09657
2013-05-21,13.90001,14.35001,13.68,14.16,42764000,9.30018
2013-05-20,13.39999,14.16,13.26,13.98,47320800,9.18196
2013-05-17,13.09999,13.44,12.85999,13.37,33664600,8.78131
2013-05-16,13.26,13.88,13.01,13.15999,52451400,8.64339
2013-05-15,13.13,13.53,12.95,13.39001,43943100,8.79445
2013-05-14,12.70999,13.58,12.62,13.27999,58307100,8.7222
2013-05-13,12.78,13.08,12.69,12.81,30844300,8.41351
2013-05-10,12.57,12.85999,12.22001,12.64999,31077200,8.30842
2013-05-09,12.51,12.91999,12.38,12.63,35862400,8.29529
2013-05-08,12.57,12.62,12.40999,12.51,26703600,8.21647
2013-05-07,12.27,12.62,12.06,12.62,37228500,8.28872
2013-05-06,12.25,12.52999,12.19,12.34999,25393900,8.11138
2013-05-03,11.71001,12.40001,11.67,12.26,30039800,8.05227
2013-05-02,11.65001,11.79,11.40,11.69,16626900,7.6779
2013-05-01,11.58,11.58,11.58,11.58,000,7.60566
2013-04-30,11.58,11.58,11.58,11.58,000,7.60566
2013-04-29,11.58,11.58,11.58,11.58,000,7.60566
2013-04-26,12.04999,12.24,11.56,11.58,17760100,7.60566
2013-04-25,12.66,12.77,11.94,11.96,31578300,7.85523
2013-04-24,12.43,12.88,12.30,12.76,36394400,8.38068
2013-04-23,12.55,12.68,12.22999,12.42,36079100,8.15736
2013-04-22,11.77001,12.99,11.67,12.58001,48051900,8.26245
2013-04-19,11.55,12.04999,11.46,11.90,26002200,7.81583
2013-04-18,11.28,11.74001,11.22,11.59,18005300,7.61223
2013-04-17,11.25,11.49,11.21,11.37,10596700,7.46773
2013-04-16,10.99001,11.25,10.90001,11.22,9559300,7.36921
2013-04-15,11.35999,11.38,10.86,11.16,16296600,7.3298
2013-04-12,11.55,11.89001,11.52,11.58,15882100,7.60566
2013-04-11,11.66,11.79,11.47999,11.59999,14426800,7.61879
2013-04-10,11.50,11.77001,11.29,11.59999,15849600,7.61879
2013-04-09,11.35,12.01,11.29999,11.59999,20293700,7.61879
2013-04-08,11.16,11.32,10.71,11.32,16389500,7.43489
2013-04-05,11.38,11.38,11.38,11.38,000,7.4743
2013-04-04,11.38,11.38,11.38,11.38,000,7.4743
2013-04-03,11.35,11.63,11.22,11.38,17944500,7.4743
2013-04-02,11.52,11.71001,11.12,11.13,19269800,7.3101
2013-04-01,11.44999,11.70,11.40,11.50999,12264800,7.55968
2013-03-29,11.56999,11.85,11.35,11.47999,18474900,7.53997
2013-03-28,12.30,12.32,11.50,11.59999,27310900,7.61879
2013-03-27,12.12,12.56,11.97,12.48,32502700,8.19677
2013-03-26,12.46001,12.46001,12.01,12.12,25013500,7.96032
2013-03-25,12.84,13.07,12.52001,12.55,27573700,8.24275
2013-03-22,12.83,13.19,12.67,12.83,42314400,8.42664
2013-03-21,12.50,12.97001,12.33,12.97001,54019600,8.5186
2013-03-20,11.84,12.50,11.71001,12.36,36706900,8.11795
2013-03-19,12.08,12.42,11.65001,11.94,28351200,7.8421
2013-03-18,11.78,12.21,11.52,11.99,29988000,7.87494
2013-03-15,12.06,12.34999,11.50,11.94,37014500,7.8421
2013-03-14,12.00,12.79001,11.92001,12.06,41852400,7.92092
2013-03-13,12.50,13.18,12.15,12.31,60221900,8.08512
2013-03-12,12.00,13.09999,11.91,12.91999,78502500,8.48576
2013-03-11,12.45,12.88,12.01,12.28001,94496400,8.06542
2013-03-08,11.08001,12.25,11.01,12.25,59215400,8.04571
2013-03-07,11.11001,11.44,10.92,11.14001,35827800,7.31667
2013-03-06,10.88,11.23001,10.88,11.02001,25985500,7.23786
2013-03-05,10.71,11.09,10.69,10.96001,20268400,7.19845
2013-03-04,10.83,10.99001,10.48001,10.71,23419900,7.03425
2013-03-01,10.63,11.14001,10.48001,11.09,36799100,7.28383
2013-02-28,10.41,10.74,10.30001,10.65,18037900,6.99484
2013-02-27,10.44,10.57,10.23,10.40,12689400,6.83064
2013-02-26,10.90001,10.93001,10.20,10.37,26289600,6.81093
2013-02-25,10.77,11.14001,10.77,10.95,17904400,7.19188
2013-02-22,10.83,10.98,10.72,10.77,14369800,7.07365
2013-02-21,11.11001,11.14001,10.75,10.80,19623900,7.09336
2013-02-20,11.02001,11.37,10.93001,11.23001,22430500,7.37578
2013-02-19,11.35,11.38,11.00,11.06,29828400,7.26412
2013-02-18,10.96001,11.71001,10.89,11.49,46389500,7.54655
2013-02-15,10.92,10.92,10.92,10.92,000,7.17217
2013-02-14,10.92,10.92,10.92,10.92,000,7.17217
2013-02-13,10.92,10.92,10.92,10.92,000,7.17217
2013-02-12,10.92,10.92,10.92,10.92,000,7.17217
2013-02-11,10.92,10.92,10.92,10.92,000,7.17217
2013-02-08,10.95,10.99001,10.72,10.92,15843900,7.17217
2013-02-07,10.66,11.08001,10.57999,10.98,25847400,7.21158
2013-02-06,10.75999,10.84999,10.65,10.66,12985800,7.00141
2013-02-05,10.54999,10.83,10.45001,10.66999,13903700,7.00797
2013-02-04,11.00,11.08001,10.50,10.63999,17450900,6.98827
2013-02-01,11.00,11.08001,10.75999,10.91,22140700,7.1656
2013-01-31,11.02001,11.23001,10.80,11.06,27219100,7.26412
2013-01-30,11.05001,11.18,10.80,11.02001,24184200,7.23786
2013-01-29,10.60999,11.24,10.60999,11.15,36750200,7.32323
2013-01-28,10.25,10.78999,10.25,10.66999,19006300,7.00797
2013-01-25,10.33001,10.65,10.33001,10.43,19295900,6.85034
2013-01-24,10.78,10.88,10.23,10.33001,28460800,6.78467
2013-01-23,10.84999,10.99001,10.47,10.75,29433900,7.06052
2013-01-22,11.38,11.63,10.80,11.01,40749600,7.23129
2013-01-21,11.04,11.67,10.74,11.32,48643600,7.43489
2013-01-18,10.91,11.26,10.54999,11.13,44348900,7.3101
2013-01-17,10.78999,11.75,10.69,11.00,83746200,7.22471
2013-01-16,11.15,11.18,10.57999,10.80,59181900,7.09336
2013-01-15,10.84,11.23001,10.43,11.23001,105469700,7.37578
2013-01-14,9.19999,10.21001,9.15,10.21001,41634000,6.70585
2013-01-11,9.75,9.82,9.28,9.28,21510200,6.09504
2013-01-10,9.71,9.84,9.60,9.75,21692700,6.40373
2013-01-09,10.12,10.41,9.62,9.79999,45967000,6.43656
2013-01-08,9.52001,10.14,9.41,9.94,48205100,6.52852
2013-01-07,9.25999,9.66,9.25999,9.54,21333400,6.2658
2013-01-04,9.50,9.54,9.22,9.34,15568000,6.13444
2013-01-03,9.42,9.42,9.42,9.42,000,6.18699
2013-01-02,9.42,9.42,9.42,9.42,000,6.18699
2013-01-01,9.42,9.42,9.42,9.42,000,6.18699
2012-12-31,9.40001,9.45,9.24,9.42,15186600,6.18699
2012-12-28,9.48,9.54,9.15,9.39,24016000,6.16728
2012-12-27,9.65,10.14,9.48,9.50,46553400,6.23953
2012-12-26,9.34999,9.67001,9.30,9.60,36733600,6.30521
2012-12-25,9.13999,9.52001,9.04999,9.36,34709100,6.14758
2012-12-24,9.01999,9.45,8.90,9.19,27398100,6.03593
2012-12-21,9.03,9.25999,8.94,9.01999,21218500,5.92426
2012-12-20,9.19999,9.24,8.92001,9.13999,24993300,6.00308
2012-12-19,9.07999,9.69,9.01999,9.31,39084400,6.11474
2012-12-18,9.28999,9.37,9.07,9.13999,21611600,6.00308
2012-12-17,9.13,9.49001,9.13,9.39,31793700,6.16728
2012-12-14,8.80001,9.34,8.80001,9.19,30053600,6.03593
2012-12-13,9.04,9.24,8.80001,8.82,17932600,5.79291
2012-12-12,8.94,9.18,8.88,9.01,18442800,5.9177
2012-12-11,9.16,9.19999,8.97,9.01999,25671600,5.92426
2012-12-10,8.85,9.52001,8.75,9.33,38594800,6.12787
2012-12-07,8.83001,8.99,8.61,8.92001,34755100,5.85859
2012-12-06,8.50,9.19999,8.37,8.90,37401200,5.84545
2012-12-05,8.14001,8.79,8.12,8.56,40717200,5.62215
2012-12-04,7.95,8.47999,7.84,8.35,33853300,5.48422
2012-12-03,7.93001,8.17001,7.66999,7.71,13872400,5.06387
2012-11-30,7.75999,8.26999,7.75999,8.14001,19266200,5.34629
2012-11-29,8.10,8.34,7.81,7.93001,19904700,5.20837
2012-11-28,7.88,8.35,7.60999,8.17001,25898900,5.366
2012-11-27,8.76,8.77001,7.94,7.95,20126400,5.2215
2012-11-26,9.16999,9.28,8.75,8.82,13976000,5.79291
2012-11-23,9.27,9.45,9.13,9.18,12714100,6.02935
2012-11-22,9.37,9.54,9.21,9.28,11619100,6.09504
2012-11-21,9.42,9.58001,9.04999,9.53,18132300,6.25923
2012-11-20,9.69,9.75,9.42,9.44,12623100,6.20012
2012-11-19,9.69,9.75,9.25999,9.61001,13301500,6.31178
2012-11-16,9.65,9.88,9.56,9.63,12756700,6.32491
2012-11-15,9.59,9.94999,9.46001,9.70001,19014900,6.37089
2012-11-14,9.82,9.94999,9.22,9.67001,19855700,6.35119
2012-11-13,10.38,10.48001,9.79999,9.81,19279700,6.44313
2012-11-12,10.06,10.46,10.06,10.41,18604800,6.83721
2012-11-09,10.00,10.24001,10.00,10.18001,15051000,6.68615
2012-11-08,10.25,10.38,9.97,9.99,22244700,6.56136
2012-11-07,10.60,10.66999,10.42001,10.46,25530100,6.87005
2012-11-06,11.35,11.44999,10.75,10.80,41450500,7.09336
2012-11-05,10.91,11.00,10.65,10.78,27488900,7.08023
2012-11-02,10.90001,11.44,10.81,11.08001,47365200,7.27726
2012-11-01,10.57,11.00,10.53,10.81,31024400,7.09993
2012-10-31,10.78,10.87,10.37,10.69999,35094500,7.02768
2012-10-30,10.28,11.07,10.25,10.89,51740900,7.15247
2012-10-29,9.88,10.33001,9.81,10.09999,20761300,6.6336
2012-10-26,10.51,10.66999,9.76999,9.96,30326500,6.54165
2012-10-25,11.00,11.23001,10.36001,10.57,39231700,6.9423
2012-10-24,11.41999,11.77001,10.80,10.97,53327300,7.20501
2012-10-23,11.70,12.09,11.41,11.59999,64952100,7.61879
2012-10-22,10.62,11.87,10.50,11.85,73235700,7.78299
2012-10-19,10.89,11.35999,10.68,10.78999,48892300,7.08679
2012-10-18,10.33001,11.21,10.31,10.95,51583300,7.19188
2012-10-17,10.60,10.66,10.26,10.26,24658600,6.73869
2012-10-16,10.45001,10.87,10.41,10.56,29390900,6.93573
2012-10-15,10.60999,10.74,10.20,10.54999,33022400,6.92916
2012-10-12,10.88,11.16,10.65,10.80,44298100,7.09336
2012-10-11,10.68,11.28,10.45001,11.00,60389600,7.22471
2012-10-10,10.40,11.38999,10.22,10.96001,82435500,7.19845
2012-10-09,9.54,10.48001,9.41,10.48001,64598200,6.88319
2012-10-08,9.15,9.87,9.12,9.53,37542500,6.25923
2012-10-05,9.18,9.18,9.18,9.18,000,6.02935
2012-10-04,9.18,9.18,9.18,9.18,000,6.02935
2012-10-03,9.18,9.18,9.18,9.18,000,6.02935
2012-10-02,9.18,9.18,9.18,9.18,000,6.02935
2012-10-01,9.18,9.18,9.18,9.18,000,6.02935
2012-09-28,9.04999,9.27,9.01999,9.18,22656500,6.02935
2012-09-27,8.90,9.34999,8.90,9.13,28246900,5.99652
2012-09-26,9.38,9.57,8.88,8.90,35293100,5.84545
2012-09-25,9.04,9.97999,9.00,9.65,52125700,6.33804
2012-09-24,8.90,9.34,8.82,9.12,29481000,5.98995
2012-09-21,9.48,9.59,8.75,8.93,35246600,5.86515
2012-09-20,10.13,10.26,9.40001,9.48,27658600,6.22639
2012-09-19,10.21001,10.29,9.94999,10.14,21172400,6.65988
2012-09-18,10.50,10.72999,9.94999,10.14,31762800,6.65988
2012-09-17,10.35,10.95,10.21001,10.65,43929000,6.99484
2012-09-14,10.62,10.80,10.20,10.35,38503300,6.7978
2012-09-13,11.10,11.38999,10.63999,10.69,40824600,7.02111
2012-09-12,11.41,11.59999,10.91,11.12,42458500,7.30353
2012-09-11,11.25,12.19,11.25,11.26,78188800,7.39549
2012-09-10,10.51,11.87,10.27001,11.70,91395100,7.68447
2012-09-07,11.04,11.38,10.74,10.87,69803500,7.13934
2012-09-06,10.81999,11.29,10.40,11.06,73167400,7.26412
2012-09-05,10.90001,11.05001,10.40,10.72,77018200,7.04082
2012-09-04,9.90,11.06,9.85,11.06,104373100,7.26412
2012-09-03,9.82999,10.42001,9.22,10.05,86927100,6.60076
2012-08-31,8.67,9.55001,8.64,9.55001,65888700,6.27237
2012-08-30,9.21,9.48,8.55,8.68001,61705400,5.70096
2012-08-29,9.30,9.68,9.03,9.50,60644700,6.23953
2012-08-28,9.30,9.54,8.86001,9.34999,61713800,6.14101
2012-08-27,9.73001,10.23,9.49001,9.76999,64042700,6.41686
2012-08-24,9.79999,10.08,9.47,9.88,70691500,6.48911
2012-08-23,9.49001,10.24001,9.42,10.13,99124700,6.6533
2012-08-22,8.35,9.31,8.22,9.31,86870300,6.11474
2012-08-21,8.29999,8.46,8.12,8.46,87225200,5.55646
2012-08-20,6.85999,7.69,6.85999,7.69,25783300,5.05074
2012-08-17,6.87,7.19,6.79999,6.99,28903800,4.59098
2012-08-16,6.85999,7.47,6.75,7.31,55322400,4.80115
2012-08-15,6.81,6.85,6.65,6.85,28366600,4.49903
2012-08-14,5.65999,6.22999,5.61,6.22999,6250900,4.09181
2012-08-13,5.77,5.88,5.65999,5.65999,2956000,3.71744
2012-08-10,5.88,5.92001,5.76,5.77,3365400,3.7897
2012-08-09,5.74,5.89001,5.67,5.87,4941400,3.85537
2012-08-08,5.74999,5.79,5.62999,5.74999,3439000,3.77655
2012-08-07,5.79,5.79,5.61,5.74999,4143500,3.77655
2012-08-06,5.60,5.79,5.48,5.73,4168600,3.76342
2012-08-03,5.26999,5.60,5.26,5.60,4928600,3.67803
2012-08-02,5.29,5.31,5.19,5.26999,1612200,3.46129
2012-08-01,5.23001,5.35999,5.23001,5.28,2135200,3.46786
2012-07-31,5.38999,5.40,5.20001,5.23001,2475800,3.43503
2012-07-30,5.68,5.74999,5.31,5.38999,3077600,3.54011
2012-07-27,5.77,5.80,5.62999,5.68,2364700,3.73058
2012-07-26,5.85,5.87,5.74,5.74999,2490300,3.77655
2012-07-25,5.81,5.91,5.79,5.85,1957100,3.84224
2012-07-24,5.79,5.89001,5.77,5.87,2802100,3.85537
2012-07-23,5.88,5.90,5.76,5.79,3002200,3.80283
2012-07-20,6.04999,6.10999,5.94,5.97,2995500,3.92105
2012-07-19,6.00,6.13,5.93,6.06,4021500,3.98016
2012-07-18,5.95001,6.07,5.87,6.01,3566200,3.94733
2012-07-17,5.93,6.01,5.84,5.98001,3080800,3.92762
2012-07-16,6.04999,6.10,5.82,5.90,5989400,3.87507
2012-07-13,6.60,6.60,6.13,6.16,15991300,4.04584
2012-07-12,6.76,6.91999,6.62,6.81,3888900,4.47276
2012-07-11,6.68,6.79999,6.62,6.76,3875000,4.43992
2012-07-10,7.11,7.22,6.70001,6.71,9158400,4.40707
2012-07-09,7.22,7.41,7.17,7.20,7948500,4.72891
2012-07-06,7.37,7.41,7.00999,7.33001,10114200,4.81429
2012-07-05,7.50,7.54,7.21001,7.32,8204200,4.80772
2012-07-04,7.60999,7.77,7.45001,7.56,12065400,4.96535
2012-07-03,7.28,7.78999,7.21001,7.69999,21566900,5.0573
2012-07-02,7.28,7.50,7.21001,7.31,8956200,4.80115
2012-06-29,7.42001,7.44,7.02,7.25,9753500,4.76174
2012-06-28,7.49,7.66999,7.38,7.40,14081700,4.86026
2012-06-27,7.20,7.71,7.13,7.51999,22197100,4.93908
2012-06-26,7.35,7.50,7.03999,7.28,12103400,4.78145
2012-06-25,7.21001,7.80,7.17,7.44,28154100,4.88654
2012-06-22,7.35,7.35,7.35,7.35,000,4.82742
2012-06-21,6.97,7.36001,6.90,7.35,20317700,4.82742
2012-06-20,7.03,7.14,6.88,7.00,26736500,4.59755
2012-06-19,6.68,7.39001,6.67001,7.21001,37307000,4.73548
2012-06-18,6.60,6.76999,6.57,6.72,4523000,4.41365
2012-06-15,6.58001,6.63,6.46001,6.55001,2971100,4.30199
2012-06-14,6.74,6.74,6.51,6.53,3457200,4.28885
2012-06-13,6.70001,6.85999,6.68,6.76,3775600,4.43992
2012-06-12,6.85,6.85,6.63,6.65,4462600,4.36767
2012-06-11,6.43001,6.91999,6.43001,6.90,7446300,4.53187
2012-06-08,6.52001,6.70001,6.45,6.48,4154000,4.25602
2012-06-07,6.63,6.66,6.42,6.45,2317700,4.23631
2012-06-06,6.50,6.64001,6.44,6.54,2709800,4.29542
2012-06-05,6.55001,6.65,6.39,6.50,3462300,4.26915
2012-06-04,6.75,6.82,6.54,6.54,5384400,4.29542
2012-06-01,14.33001,14.46999,13.98999,14.00001,9797600,4.54829
2012-05-31,14.60001,14.88999,14.36001,14.49,16542900,4.70748
2012-05-30,13.80,14.25,13.74999,14.10999,7077400,4.58402
2012-05-29,13.86,13.92999,13.62,13.89999,5843700,4.5158
2012-05-28,13.35999,13.68,13.14,13.68,3806300,4.44433
2012-05-25,13.47,13.55001,13.28001,13.41999,2442100,4.35986
2012-05-24,13.37001,13.56999,13.37001,13.47,2199000,4.3761
2012-05-23,13.65999,13.73001,13.23,13.50999,3923500,4.38909
2012-05-22,13.64001,13.68999,13.47999,13.65999,2902200,4.43783
2012-05-21,13.50,13.65,13.38,13.47,2791600,4.3761
2012-05-18,13.88001,13.89999,13.37001,13.43001,6388700,4.36311
2012-05-17,13.80999,14.06001,13.68999,13.92,5241300,4.5223
2012-05-16,14.00001,14.03001,13.71,13.73001,3610600,4.46057
2012-05-15,14.28999,14.37999,13.74999,14.00001,7624700,4.54829
2012-05-14,14.67999,14.67999,14.22999,14.49,5423400,4.70748
2012-05-11,14.52999,14.73,14.37,14.43,4504500,4.68799
2012-05-10,14.45001,14.58999,14.31,14.52,5645000,4.71722
2012-05-09,14.45001,15.24999,14.25,14.43,11195900,4.68799
2012-05-08,14.58,14.60001,14.21001,14.43999,8371000,4.69123
2012-05-07,13.85001,14.55,13.59999,14.37,9377200,4.66849
2012-05-04,13.71,13.89999,13.65,13.86,3653700,4.5028
2012-05-03,13.56,13.71999,13.41,13.68,2544100,4.44433
2012-05-02,13.31001,13.56,13.25001,13.53999,3233600,4.39884
2012-05-01,13.19001,13.19001,13.19001,13.19001,000,4.28514
2012-04-30,13.19001,13.19001,13.19001,13.19001,000,4.28514
2012-04-27,13.35999,13.47999,13.01001,13.19001,4670500,4.28514
2012-04-26,13.58001,13.62999,13.41,13.44999,2640600,4.3696
2012-04-25,13.50,13.65,13.25001,13.50999,3730200,4.38909
2012-04-24,14.00001,14.00001,13.11,13.47999,8143100,4.37935
2012-04-23,14.52,14.52,14.52,14.52,000,4.71722
2012-04-20,14.46,14.58,14.22,14.52,6781400,4.71722
2012-04-19,14.34,14.67,14.28999,14.49,5248900,4.70748
2012-04-18,14.16,14.40,14.12001,14.34,5819200,4.65875
2012-04-17,14.60001,14.60001,14.13999,14.15001,5620700,4.59702
2012-04-16,14.37999,14.79999,14.37999,14.69001,4159200,4.77246
2012-04-13,15.00,15.00,14.48001,14.55999,7492600,4.73022
2012-04-12,14.73,15.33,14.61999,14.94999,10054600,4.85692
2012-04-11,14.79999,15.08001,14.60001,14.69001,7478600,4.77246
2012-04-10,14.30001,15.15,14.03001,15.15,8879100,4.9219
2012-04-09,14.42001,15.09999,14.34999,14.67,11128700,4.76596
2012-04-06,14.40999,14.64999,14.18001,14.45001,10905100,4.69449
2012-04-05,14.45001,14.79999,13.98,14.67999,15618000,4.7692
2012-04-04,14.07999,14.07999,14.07999,14.07999,000,4.57427
2012-04-03,14.07999,14.07999,14.07999,14.07999,000,4.57427
2012-04-02,14.07999,14.07999,14.07999,14.07999,000,4.57427
2012-03-30,13.26,14.07999,13.20,14.07999,8375100,4.57427
2012-03-29,13.56999,13.68,12.59001,12.80001,5549300,4.15844
2012-03-28,13.95,14.40,13.50999,13.79001,8299200,4.48007
2012-03-27,13.89999,14.58,13.77,14.27001,11038500,4.63601
2012-03-26,13.50,13.89999,13.37001,13.86,4236200,4.5028
2012-03-23,13.88001,13.89,13.35,13.50,4376300,4.38585
2012-03-22,13.80999,14.03001,13.67001,14.01,8119800,4.55154
2012-03-21,13.38999,13.98,13.14,13.89999,7334800,4.5158
2012-03-20,13.44999,13.55001,13.19001,13.25001,3922500,4.30463
2012-03-19,12.96999,13.55001,12.90,13.49001,3923900,4.3826
2012-03-16,12.72,12.99999,12.66999,12.96999,2066400,4.21366
2012-03-15,12.96999,13.10001,12.62001,12.72,2845300,4.13244
2012-03-14,13.83999,13.83999,12.90,13.01001,5093000,4.22666
2012-03-13,13.80,13.80,13.50,13.71999,3385800,4.45732
2012-03-12,13.53999,13.71,13.41,13.71,3601900,4.45407
2012-03-09,13.35999,13.52001,13.20999,13.50999,3181400,4.38909
2012-03-08,13.02,13.31001,12.99999,13.25001,2385500,4.30463
2012-03-07,13.11,13.26,12.87,12.99999,2703700,4.22341
2012-03-06,13.40001,13.40001,13.14,13.19001,2412900,4.28514
2012-03-05,13.46001,13.50,13.34001,13.37001,3398400,4.34362
2012-03-02,13.23,13.44,13.19001,13.38,4296100,4.34686
2012-03-01,13.02999,13.19001,12.90999,13.11,1837000,4.25915
2012-02-29,13.32999,13.44,12.99999,13.02999,4363800,4.23315
2012-02-28,13.38999,13.46001,13.08999,13.23999,5149700,4.30138
2012-02-27,13.59,13.70001,13.41999,13.47999,6085800,4.37935
2012-02-24,13.43001,13.74999,13.32999,13.53,5396200,4.3956
2012-02-23,13.35,13.43001,13.17999,13.43001,5602900,4.36311
2012-02-22,13.16001,13.41999,13.08999,13.40001,7484700,4.35336
2012-02-21,12.78999,13.11999,12.65001,13.11,5674800,4.25915
2012-02-20,12.95001,13.05,12.72,12.78999,3331100,4.15518
2012-02-17,13.05,13.08,12.66999,12.75,3276500,4.14219
2012-02-16,13.14999,13.23999,12.81,12.98001,4109900,4.21692
2012-02-15,12.86001,13.11999,12.69999,13.08999,4426800,4.25265
2012-02-14,12.78,13.38,12.77001,12.81,3837200,4.16168
2012-02-13,12.63,12.96,12.53001,12.80001,3468900,4.15844
2012-02-10,12.83001,12.86001,12.63,12.69,3267100,4.1227
2012-02-09,12.60999,13.05,12.56001,12.80001,5932100,4.15844
2012-02-08,12.50001,12.80001,12.35001,12.78,5616900,4.15194
2012-02-07,12.45999,12.98001,12.45999,12.60999,7141000,4.0967
2012-02-06,12.45999,12.45999,12.45999,12.45999,000,4.04797
2012-02-03,12.27999,12.63,12.12,12.45999,3849000,4.04797
2012-02-02,12.00,12.20001,11.91999,12.18999,1831100,3.96026
2012-02-01,11.82,12.09999,11.82,12.00,1257000,3.89853
2012-01-31,11.91999,12.03,11.70,11.93001,1264600,3.87579
2012-01-30,11.90001,12.15,11.70999,11.91,1684900,3.86929
2012-01-27,11.82,11.82,11.82,11.82,000,3.84005
2012-01-26,11.82,11.82,11.82,11.82,000,3.84005
2012-01-25,11.82,11.82,11.82,11.82,000,3.84005
2012-01-24,11.82,11.82,11.82,11.82,000,3.84005
2012-01-23,11.82,11.82,11.82,11.82,000,3.84005
2012-01-20,11.79999,11.90001,11.49999,11.82,1699100,3.84005
2012-01-19,11.75001,11.97,11.49999,11.76999,1988300,3.82381
2012-01-18,12.78999,12.78999,11.64,11.66001,5335800,3.78808
2012-01-17,12.32001,13.05,11.58,12.84,6321100,4.17143
2012-01-16,12.50001,13.26,12.09999,12.63999,3599200,4.10645
2012-01-13,12.99999,13.94001,12.72999,12.80001,5610500,4.15844
2012-01-12,12.69999,13.08999,12.65001,12.83001,3374300,4.16818
2012-01-11,12.81,13.10001,12.63,12.75,3580300,4.14219
2012-01-10,12.30,12.84999,12.30,12.81,1956500,4.16168
2012-01-09,11.91999,12.39999,11.63001,12.32001,1734500,4.0025
2012-01-06,12.05001,12.18,11.30001,11.79999,1020700,3.83355
2012-01-05,12.42,12.51999,11.85,11.88,1626500,3.85955
2012-01-04,13.29999,13.29999,12.51999,12.54,950300,4.07397
2012-01-03,13.28001,13.28001,12.86001,12.99999,1055100,4.22341
2012-01-02,13.28001,13.28001,12.86001,12.99999,1055100,4.22341
2011-12-30,13.28001,13.28001,12.86001,12.99999,1055100,4.22341
2011-12-29,12.75,12.96,12.75,12.81999,756600,4.16493
2011-12-28,12.66,12.93999,12.38001,12.89001,1081800,4.18768
2011-12-27,13.28001,13.47,12.89001,12.92001,1638900,4.19742
2011-12-26,13.80,14.04999,13.41,13.47999,1800900,4.37935
2011-12-23,13.74999,14.15001,13.47999,14.03001,2652200,4.55804
2011-12-22,13.50,14.15001,12.90999,13.88001,2351700,4.50931
2011-12-21,14.37999,14.37999,13.62,13.64001,1363700,4.43134
2011-12-20,14.34999,14.49999,14.01999,14.01999,1482400,4.55478
2011-12-19,13.89999,14.40,13.62,14.34999,1909500,4.66199
2011-12-16,13.52001,13.97001,13.26,13.97001,1672300,4.53854
2011-12-15,13.77999,13.77999,13.17,13.29999,1713700,4.32087
2011-12-14,13.85001,14.09001,13.74,13.77999,1179400,4.47681
2011-12-13,14.45001,14.45001,13.88001,13.91001,1986600,4.51905
2011-12-12,14.82999,14.97999,14.49,14.58,2045600,4.73672
2011-12-09,14.67,15.02001,14.55,14.84001,1557400,4.82119
2011-12-08,14.49999,14.94999,14.37999,14.82999,2118100,4.81793
2011-12-07,14.51001,14.73,14.31,14.66001,1398500,4.76271
2011-12-06,14.60001,14.75001,14.37,14.61999,1218100,4.74971
2011-12-05,15.00,15.05001,14.37,14.40,1324500,4.67824
2011-12-02,14.87001,15.05001,14.55999,14.97999,1371700,4.86666
2011-12-01,15.21,15.36999,14.81001,14.87001,2645200,4.83093
2011-11-30,15.99999,16.05999,14.46,14.66001,3894000,4.76271
2011-11-29,15.84999,16.08,15.78,16.07001,3315100,5.22079
2011-11-28,15.80001,15.84999,15.53001,15.75999,1350300,5.12007
2011-11-25,15.68001,15.81999,15.57,15.57999,1159100,5.06159
2011-11-24,15.74001,15.90,15.50001,15.71001,2087800,5.10383
2011-11-23,16.20,16.25001,15.86001,15.86001,1507300,5.15256
2011-11-22,15.84999,16.05,15.57999,15.99999,2201100,5.19804
2011-11-21,15.90,15.99999,15.54999,15.80001,1975000,5.13307
2011-11-18,16.62,16.68999,15.83001,15.87999,4609200,5.15905
2011-11-17,16.80999,17.13999,16.70001,16.74,3551500,5.43845
2011-11-16,17.58,17.58,16.59999,16.74,8342300,5.43845
2011-11-15,17.28999,17.67,17.04999,17.67,9874000,5.74059
2011-11-14,17.10,17.40,17.00001,17.19,5674000,5.58465
2011-11-11,17.12001,17.27001,16.74999,16.83,4460000,5.46769
2011-11-10,16.92,17.49,16.73001,17.12001,8868100,5.56191
2011-11-09,17.28,17.28,16.44999,17.25,7598300,5.60414
2011-11-08,16.80,17.63001,16.62,17.10999,9829700,5.55865
2011-11-07,16.80,17.01,16.59,16.82001,3687400,5.46445
2011-11-04,16.71,16.95,16.62,16.80,5061500,5.45795
2011-11-03,17.19,17.49999,16.59,16.65,12947700,5.40921
2011-11-02,16.47999,17.22,16.40001,17.18001,8935900,5.5814
2011-11-01,16.89999,17.07,16.52001,16.89,7858500,5.48718
2011-10-31,17.04,17.40,16.71,17.25999,15167000,5.60739
2011-10-28,15.36,16.53999,15.21999,16.53999,11888700,5.37347
2011-10-27,14.73999,15.24999,14.61,15.03999,4362900,4.88616
2011-10-26,14.67,15.26001,14.51001,14.73999,4257700,4.78869
2011-10-25,14.25,14.76999,14.19999,14.73,2526000,4.78545
2011-10-24,14.19999,14.34,13.50999,14.30001,2204900,4.64575
2011-10-21,14.25999,14.64999,14.10,14.10,2126700,4.58078
2011-10-20,14.67,14.78001,14.18001,14.40,2175800,4.67824
2011-10-19,14.79999,15.14001,14.61999,14.79999,1373600,4.80819
2011-10-18,15.29001,15.33999,14.81001,14.85999,1999300,4.82768
2011-10-17,15.48999,15.57999,15.20001,15.42,3140700,5.00961
2011-10-14,15.69,15.77001,15.12999,15.36,2406500,4.99012
2011-10-13,15.48,15.69999,15.21999,15.63,3498700,5.07784
2011-10-12,14.70,15.48,14.40,15.39999,3539800,5.00311
2011-10-11,15.00,15.15999,14.30001,14.73,2663400,4.78545
2011-10-10,15.20001,15.30,14.00001,14.49999,3409300,4.71072
2011-09-30,15.41001,15.41001,14.79999,15.03999,1436400,4.88616
2011-09-29,15.41001,15.51999,15.11001,15.12,2081800,4.91215
2011-09-28,16.14999,16.28001,15.53001,15.66,1919100,5.08758
2011-09-27,16.40001,16.47999,15.80001,15.95001,3252800,5.1818
2011-09-26,16.65999,16.95,15.98001,16.10001,3770900,5.23053
2011-09-23,16.50,16.88001,16.32999,16.74999,2918400,5.4417
2011-09-22,17.37,17.54001,16.80,16.80,5717800,5.45795
2011-09-21,16.73001,17.49999,16.50999,17.37,6089200,5.64313
2011-09-20,16.35,17.04,16.32999,16.80999,6042700,5.46119
2011-09-19,17.30001,18.00,17.01,17.01999,10746900,5.52942
2011-09-16,17.04,17.28,16.56,16.58001,4228700,5.38648
2011-09-15,16.74,17.22999,16.70001,17.04,5578800,5.53592
2011-09-14,17.01999,17.19999,16.16001,16.74999,7426800,5.4417
2011-09-13,17.00001,17.25999,16.76001,17.07,7100300,5.54566
2011-09-09,18.18,18.39,17.52,17.55999,10188500,5.70485
2011-09-08,18.41001,19.25001,18.41001,18.42,20065200,5.98425
2011-09-07,17.51001,18.60,17.51001,18.33,11070900,5.95501
2011-09-06,18.20001,18.45999,17.19999,17.61999,11572200,5.72434
2011-09-05,17.49,18.99999,16.71,18.47001,16031000,6.00049
2011-09-02,17.45001,18.47001,17.31999,17.69001,11411800,5.74709
2011-09-01,17.79,18.03,17.21001,17.49999,7294000,5.68536
2011-08-31,17.43999,17.94,17.16,17.85,7606100,5.79907
2011-08-30,18.06999,18.54999,17.78001,17.79,9644800,5.77957
2011-08-29,18.36,18.39999,17.97999,18.15,10900900,5.89653
2011-08-26,18.20001,19.29999,18.02001,18.57999,29718400,6.03622
2011-08-25,17.75001,17.75001,17.75001,17.75001,6566800,5.76658
2011-08-24,16.11999,16.55001,15.99999,16.14,2899800,5.24353
2011-08-23,15.69999,15.95001,15.63999,15.95001,860800,5.1818
2011-08-22,15.60999,15.84,15.60,15.66,1190300,5.08758
2011-08-19,15.50001,15.78,15.39999,15.57999,1378100,5.06159
2011-08-18,15.90,16.14999,15.77001,15.80001,1871200,5.13307
2011-08-17,15.69999,16.08999,15.69999,15.90,1242200,5.16556
2011-08-16,16.05999,16.35999,15.86001,15.93,2132600,5.1753
2011-08-15,15.68001,15.99999,15.68001,15.98001,1937200,5.19155
2011-08-12,15.60,15.95001,15.48,15.69999,2060500,5.10058
2011-08-11,14.84001,15.44001,14.76,15.39999,2244300,5.00311
2011-08-10,15.66999,15.93999,15.00,15.20001,3193600,4.93814
2011-08-09,14.75001,15.69999,14.31999,15.42999,2524800,5.01286
2011-08-08,16.01001,16.05999,14.69001,15.12999,3214300,4.9154
2011-08-05,16.62999,16.62999,16.11,16.11999,1990800,5.23703
2011-08-04,17.15001,17.27001,16.95999,16.97001,1695300,5.51318
2011-08-03,17.01999,17.22999,16.88001,17.15001,1408600,5.57166
2011-08-02,17.70,17.70,16.85001,17.16,2309300,5.5749
2011-08-01,17.79999,17.97999,17.66001,17.67999,3502000,5.74383
2011-07-29,17.67999,17.94999,17.40999,17.81001,3920500,5.78607
2011-07-28,17.99001,18.09999,17.66001,17.82,10806400,5.78932
2011-07-27,16.59999,18.36,16.58001,18.15,8043200,5.89653
2011-07-26,16.23,16.77,16.01001,16.74999,2723400,5.4417
2011-07-25,16.95,17.13999,15.99999,16.28001,2622700,5.28901
2011-07-22,16.92,17.19,16.73001,17.07999,1936600,5.54891
2011-07-21,16.82001,17.12001,16.71,16.71,1764400,5.42871
2011-07-20,17.06001,17.28,16.80,16.88001,1603200,5.48394
2011-07-19,17.49999,17.49999,16.89999,17.01999,2034000,5.52942
2011-07-18,17.28,17.55999,17.15001,17.49999,3362900,5.68536
2011-07-15,17.10999,17.27001,17.00001,17.22,2700400,5.59439
2011-07-14,17.27001,17.30001,17.00001,17.16999,1766100,5.57815
2011-07-13,16.77,17.18001,16.65,17.15001,1868300,5.57166
2011-07-12,16.91001,16.95,16.49001,16.73001,1964100,5.43521
2011-07-11,17.09001,17.16999,16.83,16.95999,1303100,5.50992
2011-07-08,17.01999,17.24001,16.88001,17.07999,1584700,5.54891
2011-07-07,17.19,17.25,16.88001,17.07,2178700,5.54566
2011-07-06,17.28,17.28999,16.91001,17.10,2789100,5.55541
2011-07-05,17.00001,17.43,16.98,17.30001,3084300,5.62039
2011-07-04,16.44,17.48001,16.44,17.10,5301400,5.55541
2011-07-01,16.56999,16.74,16.28001,16.29,3469700,5.29226
2011-06-30,15.99999,16.46001,15.81,16.38,1952200,5.3215
2011-06-29,15.81,16.94001,15.68001,16.20999,4288600,5.26626
2011-06-28,15.69999,15.87999,15.66,15.78999,1389700,5.12982
2011-06-27,15.60999,15.84999,15.60999,15.75,2135500,5.11682
2011-06-24,14.72001,15.98001,14.72001,15.72,3156900,5.10708
2011-06-23,14.52,14.97,14.52,14.96001,1457600,4.86017
2011-06-22,14.66001,14.79,14.58999,14.64999,570800,4.75945
2011-06-21,14.64999,14.70999,14.52,14.66001,544500,4.76271
2011-06-20,14.55,14.76,14.25,14.49999,748200,4.71072
2011-06-17,14.49999,15.00,14.49999,14.76999,791900,4.79844
2011-06-16,15.12,15.12,14.85999,14.93001,774600,4.85043
2011-06-15,15.21999,15.27999,15.12,15.12,588400,4.91215
2011-06-14,14.91,15.36999,14.91,15.24,1352600,4.95114
2011-06-13,15.29001,15.29001,14.88999,15.09999,1375100,4.90565
2011-06-10,14.97999,15.33,14.97999,15.32001,1249900,4.97713
2011-06-09,15.03,15.23001,14.97999,15.05001,877600,4.88941
2011-06-08,15.00,15.12999,14.85,15.06999,931500,4.8959
2011-06-07,15.00999,15.09999,14.91,14.99001,935200,4.86992
2011-06-03,14.99001,15.09999,14.70999,15.00,1044500,4.87317
2011-06-02,15.15,15.15,14.61999,14.70,786100,4.7757
2011-06-01,15.12,15.32001,15.09999,15.24,958900,4.95114
2011-05-31,15.24999,15.24999,14.88,15.24,598300,4.95114
2011-05-30,14.85999,15.36,14.85999,15.06,790100,4.89266
2011-05-27,15.63,15.90,15.15999,15.15999,715900,4.92514
2011-05-26,16.35,16.47,15.63,15.63,1027200,5.07784
2011-05-25,24.51002,25.06001,24.51002,24.69002,2945900,5.25003
2011-05-24,24.30999,24.79999,23.90999,24.75,2638200,5.26278
2011-05-23,24.26999,24.66999,23.89,24.37002,3876700,5.18198
2011-05-20,25.01001,25.06001,24.38001,24.47001,1923200,5.20325
2011-05-19,25.52,25.56999,24.30,25.00002,1900300,5.31595
2011-05-18,25.55001,25.56999,25.30998,25.50001,693600,5.42226
2011-05-17,25.23001,25.52998,25.20,25.38,1043300,5.39674
2011-05-16,26.37,26.46999,25.19001,25.23001,3503900,5.36485
2011-05-13,26.20998,26.41999,26.00001,26.41999,895000,5.61789
2011-05-12,26.50,26.50999,26.15,26.19999,1094200,5.5711
2011-05-11,26.59999,26.77001,26.42999,26.65998,922400,5.66892
2011-05-10,26.77999,26.77999,26.20998,26.59999,799200,5.65616
2011-05-06,26.15,26.69999,25.74999,26.56998,1524400,5.64978
2011-05-05,26.01,26.24999,25.95002,26.15,483700,5.56047
2011-05-04,26.50999,26.64999,26.10999,26.11998,1179600,5.55409
2011-05-03,25.91001,26.76002,25.91001,26.50999,1197600,5.63702
2011-04-29,25.77001,26.11998,25.77001,26.05,1067900,5.53921
2011-04-28,26.98002,26.99001,25.61,25.65999,1726600,5.45628
2011-04-27,26.64999,27.09999,26.41999,26.78999,1027500,5.69656
2011-04-26,26.80002,27.08001,26.65998,26.71002,1077400,5.67956
2011-04-25,27.77,27.77,26.68001,26.78999,1871700,5.69656
2011-04-22,27.81,27.98001,27.50998,27.63,1951500,5.87518
2011-04-21,27.63999,28.04,27.63999,28.04,2204600,5.96236
2011-04-20,27.54999,27.64998,27.35001,27.63999,2163600,5.8773
2011-04-19,27.13999,27.54999,26.69999,27.35001,1704800,5.81564
2011-04-18,27.05998,27.22001,26.95999,27.09,1697200,5.76035
2011-04-15,27.50998,27.59998,27.09,27.22001,1381200,5.788
2011-04-14,27.67001,27.79002,27.30001,27.50998,1691300,5.84966
2011-04-13,27.30001,27.53001,27.14998,27.50998,1413600,5.84966
2011-04-12,27.77998,28.07001,27.09999,27.30001,2341700,5.80501
2011-04-11,28.09998,28.15002,27.63999,27.76,1680700,5.90282
2011-04-08,27.64998,28.18998,27.45999,28.06002,2490400,5.96662
2011-04-07,27.31999,27.63999,27.18999,27.54999,1225800,5.85817
2011-04-06,27.70002,27.70002,27.18,27.27999,1387000,5.80075
2011-04-01,27.00,27.27999,26.80002,27.22999,1151700,5.79012
2011-03-31,27.12001,27.12001,26.60999,26.89002,2065900,5.71783
2011-03-30,27.48001,27.67001,26.60999,26.89002,3445200,5.71783
2011-03-29,28.16001,28.26,27.50,27.50,3473900,5.84753
2011-03-28,28.69002,28.72998,28.13999,28.16001,4208800,5.98788
2011-03-25,28.49999,28.84,28.42002,28.69002,2560400,6.10058
2011-03-24,28.85999,29.03999,28.74002,28.83002,2160100,6.13035
2011-03-23,28.80,28.93001,28.60002,28.80,2256400,6.12396
2011-03-22,29.38001,29.38001,28.60002,28.70001,4202300,6.1027
2011-03-21,29.61999,30.28,29.17998,29.38999,5262600,6.24942
2011-03-18,29.15001,29.48998,29.15001,29.20999,3345500,6.21114
2011-03-17,29.34999,29.57998,28.90998,29.15001,4213200,6.19839
2011-03-16,29.53998,29.69001,29.07,29.46001,6457500,6.26431
2011-03-15,28.49999,29.89998,28.49999,29.70,12588500,6.31534
2011-03-14,28.40,28.79001,28.04998,28.60002,3446700,6.08144
2011-03-11,28.44,28.78002,28.39,28.45998,2834100,6.05166
2011-03-10,28.51002,28.81998,28.31999,28.45998,3245100,6.05166
2011-03-09,28.74002,28.89,28.38002,28.66,2813800,6.0942
2011-03-08,28.53999,28.89999,28.40,28.72998,3131600,6.10908
2011-03-07,28.72998,28.87002,28.49999,28.70001,2862200,6.1027
2011-03-04,28.08,28.60002,28.08,28.58999,1741800,6.07931
2011-03-03,28.89999,28.98,28.03,28.20002,3393900,5.99639
2011-03-02,29.29999,29.29999,28.56002,28.99998,3864600,6.16649
2011-03-01,29.44998,29.70,29.16,29.33001,4803900,6.23666
2011-02-28,29.25,29.68002,29.02999,29.38001,3815200,6.2473
2011-02-25,29.34999,29.34999,28.80999,29.15001,2376800,6.19839
2011-02-24,29.34,29.78001,29.07999,29.37001,4284200,6.24517
2011-02-23,28.52001,29.55001,28.49999,29.39998,5004500,6.25154
2011-02-22,29.29999,30.07998,27.99999,28.62,6097100,6.08569
2011-02-21,28.31,29.42001,28.31,29.28001,4554000,6.22603
2011-02-18,29.29999,29.47001,28.70001,28.72998,5641700,6.10908
2011-02-17,28.87002,29.48998,28.48,29.29001,6330500,6.22816
2011-02-16,27.50,28.88001,27.41,28.80,7147900,6.12396
2011-02-15,27.63999,27.85,27.30001,27.64998,3399300,5.87943
2011-02-14,27.16002,27.72,27.13001,27.63999,3619700,5.8773
2011-02-11,27.05998,27.50,26.96999,27.19998,2791400,5.78374
2011-02-10,26.50,27.13999,26.15,27.08001,2587600,5.75823
2011-02-09,26.64999,27.14998,26.50,26.53002,2043400,5.64128
2011-02-01,26.69999,26.95001,26.41999,26.86999,2500700,5.71357
2011-01-31,26.65998,27.00,26.36001,26.62002,3135100,5.66042
2011-01-28,26.50,26.77001,26.32,26.53002,1931300,5.64128
2011-01-27,26.15,26.73,25.34,26.65998,2147600,5.66892
2011-01-26,25.72002,26.49002,25.69,26.20998,1385100,5.57323
2011-01-25,25.07998,26.37999,25.07998,25.97999,2242200,5.52432
2011-01-24,26.41,26.50,25.42001,25.50001,1665400,5.42226
2011-01-21,25.61,26.81001,25.55001,26.41,2552000,5.61576
2011-01-20,26.82999,27.14998,25.88999,25.88999,2052800,5.50519
2011-01-19,26.80002,27.04999,26.53002,26.98002,2367600,5.73697
2011-01-18,25.11999,27.12001,25.11999,26.80002,6057500,5.69869
2011-01-17,26.24999,26.29998,25.23001,25.47,3568400,5.41588
2011-01-14,27.05998,27.16002,26.37999,26.50,1989600,5.6349
2011-01-13,27.16002,27.18,26.81001,27.09,2024400,5.76035
2011-01-12,26.85002,27.04001,26.50,26.85002,2259000,5.70932
2011-01-11,26.89002,26.94002,26.31002,26.69999,3475600,5.67742
2011-01-10,27.50998,27.70002,27.04999,27.04999,2843400,5.75185
2011-01-07,27.99,28.13999,27.50,27.58001,3703300,5.86455
2011-01-06,28.45998,28.52001,27.95998,27.98001,3495900,5.9496
2011-01-05,28.20002,28.71999,28.18998,28.45998,3479900,6.05166
2011-01-04,27.99999,28.45998,27.93001,28.36998,6423200,6.03253
2010-12-31,27.72,28.09998,27.62001,27.95,4488000,5.94322
2010-12-30,27.81,27.90,27.45999,27.72,2620900,5.89432
2010-12-29,27.50,27.90999,27.30001,27.90999,3014100,5.93472
2010-12-28,27.31999,27.70002,27.09999,27.55998,4116700,5.86029
2010-12-27,28.94999,29.16,27.00999,27.70002,7708300,5.89007
2010-12-24,29.43,29.65001,28.30,28.87002,5902700,6.13885
2010-12-23,30.55,30.69999,29.57998,29.68002,6292400,6.31109
2010-12-22,30.45002,31.22001,30.24999,30.58002,6931000,6.50246
2010-12-21,30.31002,30.68001,30.01,30.27001,6161800,6.43655
2010-12-20,31.32,31.45001,29.29999,30.40002,9808100,6.46419
2010-12-17,31.14999,31.23999,30.60999,31.23999,6210900,6.6428
2010-12-16,30.91,31.44002,30.85002,31.14999,9259600,6.62366
2010-12-15,30.50001,31.30002,29.95002,31.18001,16360200,6.63004
2010-12-14,30.50001,30.64,30.15999,30.64,6006500,6.51522
2010-12-13,30.10,30.74,29.93,30.55,7547900,6.49608
2010-12-10,29.52999,29.98998,29.29999,29.84998,5869400,6.34723
2010-12-08,31.26002,31.35002,30.25998,30.42999,4496500,6.47056
2010-12-07,30.28,31.28999,29.98998,31.27999,4205000,6.6513
2010-12-06,31.82998,31.82998,30.40002,30.52998,5257500,6.49182
2010-12-03,32.49999,32.88002,31.51998,31.87998,4922100,6.77888
2010-12-02,32.09998,32.75001,31.57002,32.67999,8120500,6.949
2010-12-01,31.41999,31.98001,31.00,31.66002,3420000,6.73211
2010-11-30,32.18998,32.77998,30.28,31.69998,9124500,6.74061
2010-11-29,32.70002,33.28002,32.16001,32.48001,11844900,6.90647
2010-11-26,31.33998,32.63,31.30002,32.52001,11859200,6.91498
2010-11-25,32.00998,32.38002,31.18999,31.23999,9019600,6.6428
2010-11-24,31.76001,32.27,31.18001,32.09998,10622200,6.82567
2010-11-23,31.50,32.36998,31.09999,32.02002,14554300,6.80866
2010-11-22,30.31002,31.91998,30.31002,31.35002,16941000,6.66619
2010-11-19,29.08998,30.60,28.54998,30.58002,8113100,6.50246
2010-11-18,28.76999,29.29999,28.02001,28.94999,5245800,6.15586
2010-11-17,29.56999,30.18001,28.30,28.57999,7456300,6.07718
2010-11-16,28.93001,31.19999,28.80,29.69001,16649900,6.31321
2010-11-15,28.09998,28.97001,27.71001,28.89,6713600,6.1431
2010-11-12,29.65001,30.23001,27.50,27.77998,11651800,5.90707
2010-11-11,30.59001,31.77,30.10,30.10,11558900,6.40039
2010-11-10,30.20,31.39002,30.02,30.78,10466300,6.54499
2010-11-09,30.60,30.65999,29.74001,30.24999,10474300,6.43229
2010-11-08,28.44999,30.94002,28.39,30.65,18728800,6.51734
2010-11-05,28.48,28.62999,28.08,28.47002,7418100,6.0538
2010-11-04,28.12,28.42002,28.02001,28.31,5412600,6.01977
2010-11-03,29.20001,29.29999,28.09998,28.12,6519900,5.97937
2010-11-02,29.47001,30.20,28.80,29.38001,12634900,6.2473
2010-11-01,29.21999,29.75998,28.99998,29.55001,9195400,6.28345
2010-10-29,28.04998,29.56999,27.81,29.20001,10184200,6.20902
2010-10-28,28.04998,29.19002,27.81,28.99998,8437200,6.16649
2010-10-27,28.35,28.93999,28.00998,28.04998,8519700,5.96448
2010-10-26,29.70,29.98998,28.45998,28.57999,11234900,6.07718
2010-10-25,29.01002,29.34,28.54998,29.20999,13927000,6.21114
2010-10-22,28.08999,29.25999,28.08999,28.71999,16574400,6.10695
2010-10-21,27.09999,28.35,26.80002,28.08,16533700,5.97087
2010-10-20,26.69999,27.44001,26.31002,26.78999,10980400,5.69656
2010-10-19,25.91001,26.99001,25.79998,26.87999,8995500,5.7157
2010-10-18,25.88,26.15999,24.66,26.14,7008600,5.55835
2010-10-15,26.74998,26.77001,25.82001,25.88,7752500,5.50306
2010-10-14,26.45001,26.85002,26.05,26.85002,9666700,5.70932
2010-10-13,26.41999,26.50,25.65999,26.08002,8326900,5.54559
2010-10-12,26.91999,27.25002,26.31002,26.41999,10776100,5.61789
2010-10-11,26.62002,26.96999,26.45001,26.82999,10372500,5.70507
2010-10-08,26.22002,27.00,26.15999,26.78999,13116400,5.69656
2010-09-30,25.61,26.45001,25.29999,26.13002,9159700,5.55623
2010-09-29,26.53002,26.68001,25.50001,25.74999,12683000,5.47542
2010-09-28,26.78999,27.58001,26.50,26.77001,14602600,5.69231
2010-09-27,26.78999,27.59998,26.31002,26.85002,12459800,5.70932
2010-09-21,27.61002,28.43001,26.59999,26.90001,20797500,5.71996
2010-09-20,31.01999,31.68,28.53,28.53,27694200,6.06655
2010-09-17,28.80,31.91998,27.50,31.69998,43821700,6.74061
2010-09-16,32.00,32.92002,30.00001,30.38999,42756700,6.46206
2010-09-15,35.08002,35.77999,30.14001,30.59001,79727400,6.50459

